This is Ipopt version 3.12.3, running with linear solver mumps.
NOTE: Other linear solvers might be more efficient (see Ipopt documentation).

Number of nonzeros in equality constraint Jacobian...:   711662
Number of nonzeros in inequality constraint Jacobian.:    65550
Number of nonzeros in Lagrangian Hessian.............:        0

Total number of variables............................:    75608
                     variables with only lower bounds:        0
                variables with lower and upper bounds:    75608
                     variables with only upper bounds:        0
Total number of equality constraints.................:    70608
Total number of inequality constraints...............:    28350
        inequality constraints with only lower bounds:    13800
   inequality constraints with lower and upper bounds:      750
        inequality constraints with only upper bounds:    13800

iter    objective    inf_pr   inf_du lg(mu)  ||d||  lg(rg) alpha_du alpha_pr  ls
   0 8.8702401e+003 5.17e+003 1.00e+002   0.0 0.00e+000    -  0.00e+000 0.00e+000   0
   1 8.5274040e+003 4.94e+003 3.42e+003   1.0 1.56e+002    -  9.12e-003 4.44e-002f  1
   2 8.2930830e+003 4.86e+003 3.65e+003  -5.3 7.39e+001    -  9.74e-002 1.71e-002h  1
   3 8.3161338e+003 4.79e+003 4.46e+003   0.9 2.44e+002    -  1.39e-001 1.46e-002f  1
   4 9.0555550e+003 4.53e+003 2.07e+004   1.3 3.05e+002    -  3.16e-001 6.09e-002f  1
   5 8.8932076e+003 4.22e+003 1.00e+005   1.3 1.18e+002    -  1.53e-001 6.76e-002f  1
   6 9.6989342e+003 3.94e+003 2.01e+005   1.8 2.09e+002    -  9.62e-001 6.57e-002f  1
   7 1.2463330e+004 3.38e+003 3.52e+006   2.5 1.59e+002    -  5.53e-001 1.43e-001f  1
   8 1.2649134e+004 3.20e+003 6.57e+006   3.0 1.07e+002    -  3.48e-001 5.32e-002f  1
   9 1.2876751e+004 3.00e+003 1.65e+007   3.4 1.13e+002    -  3.54e-001 6.36e-002f  1
iter    objective    inf_pr   inf_du lg(mu)  ||d||  lg(rg) alpha_du alpha_pr  ls
  10 1.3057558e+004 2.72e+003 6.39e+007   3.7 6.77e+001    -  3.30e-001 9.29e-002h  1
  11 1.2891914e+004 2.42e+003 1.96e+008   3.7 4.47e+001    -  9.05e-002 1.15e-001h  1
  12 1.2704492e+004 2.11e+003 4.43e+008   3.7 4.24e+001    -  2.28e-001 1.29e-001h  1
  13 1.2633307e+004 1.96e+003 5.85e+008   3.7 7.56e+001    -  1.38e-001 7.31e-002h  1
  14 1.2465763e+004 1.70e+003 1.01e+009   3.7 8.05e+001    -  2.18e-001 1.31e-001h  1
  15 1.2284803e+004 1.58e+003 1.20e+009   3.6 5.84e+001    -  1.05e-001 7.33e-002h  1
  16 1.2025841e+004 1.41e+003 1.56e+009   3.7 7.11e+001    -  7.15e-002 1.05e-001h  1
  17 1.1878033e+004 1.33e+003 1.72e+009   3.7 1.03e+002    -  8.29e-002 5.99e-002h  1
  18 1.1738974e+004 1.26e+003 1.87e+009   3.7 7.04e+001    -  8.43e-002 5.14e-002h  1
  19 1.1642750e+004 1.19e+003 2.03e+009   3.7 1.11e+002    -  4.41e-002 5.21e-002h  1
iter    objective    inf_pr   inf_du lg(mu)  ||d||  lg(rg) alpha_du alpha_pr  ls
  20 1.1536880e+004 1.09e+003 2.32e+009   3.5 1.06e+002    -  7.50e-002 8.86e-002h  1
  21 1.1454210e+004 1.00e+003 2.60e+009   3.7 1.03e+002    -  3.96e-002 7.84e-002h  1
  22 1.1427483e+004 8.35e+002 3.23e+009   3.7 1.06e+002    -  9.64e-002 1.61e-001h  1
  23 1.1423828e+004 8.00e+002 3.19e+009   3.7 8.79e+001    -  1.39e-001 4.12e-002h  1
  24 1.1483536e+004 7.23e+002 3.12e+009   3.3 9.61e+001    -  1.17e-001 9.43e-002h  1
  25 1.1624980e+004 6.42e+002 2.93e+009   2.7 1.95e+002    -  6.21e-002 1.11e-001h  1
  26 1.1712935e+004 5.95e+002 3.30e+009   2.6 2.28e+002    -  5.82e-002 7.24e-002h  1
  27 1.1722664e+004 5.89e+002 3.37e+009   1.5 2.23e+002    -  8.38e-002 9.51e-003h  1
  28 1.1770208e+004 5.14e+002 4.33e+009   3.7 2.84e+002    -  1.96e-002 9.71e-002f  1
  29 1.1784258e+004 4.91e+002 4.51e+009   3.7 7.97e+001    -  3.44e-002 4.08e-002f  1
iter    objective    inf_pr   inf_du lg(mu)  ||d||  lg(rg) alpha_du alpha_pr  ls
  30 1.1858984e+004 4.54e+002 4.69e+009   1.7 6.20e+001    -  8.97e-002 7.21e-002h  1
  31 1.1891261e+004 4.34e+002 4.77e+009   2.9 8.06e+001    -  9.86e-002 4.30e-002h  1
  32 1.1894031e+004 3.45e+002 6.48e+009   3.7 1.17e+002    -  8.58e-002 1.25e-001f  1
  33 1.1801953e+004 3.18e+002 6.73e+009   3.7 8.56e+001    -  2.99e-002 7.00e-002f  1
  34 1.1805750e+004 2.66e+002 6.50e+009   3.2 8.48e+001    -  1.30e-001 1.54e-001h  1
  35 1.1811116e+004 2.61e+002 6.42e+009  -2.5 6.07e+001    -  7.11e-002 2.15e-002h  1
  36 1.1737376e+004 2.11e+002 5.85e+009   3.3 4.12e+001    -  1.96e-001 1.68e-001f  1
  37 1.1383025e+004 1.53e+002 5.41e+009   3.6 7.75e+001    -  1.35e-001 1.74e-001f  1
  38 1.1271960e+004 1.45e+002 5.20e+009   3.6 1.52e+002    -  7.03e-002 4.38e-002f  1
  39 1.0929690e+004 1.17e+002 4.82e+009   3.7 1.26e+002    -  1.65e-002 1.20e-001f  1
iter    objective    inf_pr   inf_du lg(mu)  ||d||  lg(rg) alpha_du alpha_pr  ls
  40 1.0809164e+004 1.08e+002 4.61e+009   3.7 1.23e+002    -  3.99e-002 5.19e-002f  1
  41 1.0705299e+004 8.73e+001 3.88e+009   3.1 4.43e+001    -  3.96e-002 1.65e-001f  1
  42 1.0607421e+004 6.83e+001 2.73e+009   2.3 1.06e+002    -  8.56e-002 2.02e-001f  1
  43 1.0621795e+004 5.96e+001 2.29e+009  -2.6 3.43e+001    -  3.62e-002 1.29e-001h  1
  44 1.0536548e+004 3.95e+001 1.50e+009   2.8 1.63e+001    -  2.84e-001 3.38e-001f  1
  45 1.0536350e+004 3.45e+001 1.33e+009  -2.7 1.38e+001    -  2.14e-001 1.27e-001h  1
  46 1.0550114e+004 1.11e+001 1.90e+008   2.4 1.51e+001    -  4.38e-001 8.65e-001f  1
  47 1.0523887e+004 1.25e+000 4.92e+006   1.8 6.26e+000    -  5.39e-001 9.74e-001f  1
  48 1.0544694e+004 1.25e-001 2.33e+006  -3.3 3.70e+000    -  4.70e-001 1.00e+000h  1
  49 1.0525333e+004 1.87e-001 3.17e+004   0.9 1.68e+000    -  9.13e-001 1.00e+000f  1
iter    objective    inf_pr   inf_du lg(mu)  ||d||  lg(rg) alpha_du alpha_pr  ls
  50 1.0496079e+004 7.41e-005 4.43e+002  -4.5 3.95e-002    -  9.84e-001 1.00e+000h  1
  51 9.7904168e+003 1.33e-001 1.04e+002  -2.4 1.32e+000    -  8.14e-001 1.00e+000f  1
  52 9.0795858e+003 6.15e-001 5.49e+001  -7.0 3.19e+000    -  6.34e-001 1.00e+000f  1
  53 7.9314373e+003 4.94e+000 1.03e+002  -7.5 8.09e+000    -  3.63e-001 1.00e+000f  1
  54 7.7165472e+003 3.69e+001 2.28e+002  -2.1 3.66e+001    -  4.46e-001 8.87e-001f  1
  55 6.2001074e+003 9.17e+000 1.06e+002  -3.4 7.48e+000    -  5.10e-001 1.00e+000f  1
  56 5.6749114e+003 2.43e+000 1.72e+001  -2.4 4.92e+000    -  9.99e-001 1.00e+000f  1
  57 5.2378634e+003 1.90e+000 3.57e+001  -2.7 4.10e+000    -  9.99e-001 1.00e+000f  1
  58 4.9724703e+003 2.55e+001 5.08e+001  -2.4 9.65e+000    -  1.00e+000 1.00e+000f  1
  59 4.9069284e+003 1.38e+001 5.11e+001  -2.4 5.98e+000    -  9.99e-001 1.00e+000h  1
iter    objective    inf_pr   inf_du lg(mu)  ||d||  lg(rg) alpha_du alpha_pr  ls
  60 5.4345352e+003 7.99e+000 3.28e+001  -2.1 6.99e+000    -  1.00e+000 1.00e+000f  1
  61 5.2636299e+003 3.48e+000 1.31e+001  -2.2 2.65e+000    -  1.00e+000 1.00e+000h  1
  62 5.0692931e+003 3.87e-001 7.31e+000  -2.2 2.02e+000    -  1.00e+000 1.00e+000h  1
  63 4.7351220e+003 1.16e+000 8.62e+000  -2.6 3.53e+000    -  9.95e-001 1.00e+000f  1
  64 4.2179853e+003 9.53e-001 3.14e+001  -2.7 1.71e+001    -  9.87e-001 1.00e+000H  1
  65 4.3230295e+003 9.73e-001 3.59e+001  -2.8 7.79e+000    -  1.00e+000 1.00e+000H  1
  66 3.7014397e+003 8.78e+000 1.15e+001  -2.8 7.30e+000    -  7.32e-001 1.00e+000f  1
  67 3.3060848e+003 4.92e+000 7.84e+000  -3.2 5.23e+000    -  1.00e+000 1.00e+000h  1
  68 3.0107862e+003 1.26e+001 5.80e+000  -3.4 7.40e+000    -  1.00e+000 9.04e-001h  1
  69 2.8609158e+003 1.28e+001 5.60e+000  -3.6 1.12e+001    -  7.16e-001 4.41e-001h  1
iter    objective    inf_pr   inf_du lg(mu)  ||d||  lg(rg) alpha_du alpha_pr  ls
  70 3.0945797e+003 5.24e+000 6.28e+000  -3.6 4.79e+000    -  8.07e-001 1.00e+000h  1
  71 2.5034751e+003 1.38e+000 4.08e+000  -3.6 2.64e+000    -  9.60e-001 1.00e+000f  1
  72 2.3801503e+003 1.67e+000 2.12e+000  -4.0 3.61e+000    -  1.00e+000 5.92e-001h  1
  73 2.2320237e+003 4.29e+000 4.94e+000  -4.5 1.72e+001    -  5.34e-001 2.24e-001f  1
  74 1.9682838e+003 2.30e+001 1.84e+001  -3.9 5.37e+001    -  1.09e-001 1.93e-001f  1
  75 1.9198068e+003 2.37e+001 2.28e+001  -3.5 6.37e+001    -  1.77e-001 7.96e-002h  2
  76 1.8813546e+003 1.56e+001 1.63e+001  -3.7 1.42e+001    -  5.97e-001 4.37e-001h  1
  77 1.8156209e+003 1.07e+001 1.11e+001  -3.8 1.30e+001    -  9.60e-001 4.22e-001h  1
  78 1.7989886e+003 1.22e+001 6.56e+000  -3.8 5.57e+000    -  1.00e+000 6.83e-001h  1
  79 1.9064178e+003 1.71e+001 6.00e+000  -3.5 5.52e+000    -  6.17e-001 1.00e+000h  1
iter    objective    inf_pr   inf_du lg(mu)  ||d||  lg(rg) alpha_du alpha_pr  ls
  80 1.8372071e+003 5.56e+000 8.60e+000  -3.7 5.38e+000    -  8.45e-001 7.26e-001h  1
  81 1.6962628e+003 1.81e+000 1.28e+000  -3.9 3.45e+000    -  1.00e+000 9.25e-001h  1
  82 1.6376702e+003 3.67e+000 2.21e+000  -4.3 7.82e+000    -  1.00e+000 5.12e-001h  1
  83 1.7683258e+003 4.77e+000 3.64e+000  -3.6 7.10e+000    -  8.67e-001 1.00e+000h  1
  84 1.9375225e+003 2.36e+001 4.70e+000  -3.7 6.90e+000    -  9.24e-001 8.69e-001h  1
  85 1.5400302e+003 6.99e+000 2.56e+000  -3.7 7.42e+000    -  7.78e-001 9.18e-001f  1
  86 1.5305812e+003 2.29e+000 1.79e+000  -3.9 2.89e+000    -  7.95e-001 7.87e-001h  1
  87 1.3917094e+003 1.47e+000 2.13e+000  -4.0 2.77e+000    -  1.00e+000 9.65e-001h  1
  88 1.3548606e+003 1.74e+000 1.38e+000  -4.1 3.41e+000    -  1.00e+000 6.81e-001h  1
  89 1.3186507e+003 2.67e+000 1.62e+000  -4.2 5.18e+000    -  1.00e+000 9.13e-001h  1
iter    objective    inf_pr   inf_du lg(mu)  ||d||  lg(rg) alpha_du alpha_pr  ls
  90 1.4030958e+003 2.81e-001 2.21e+000  -3.8 3.47e+000    -  6.51e-001 1.00e+000H  1
  91 1.3716507e+003 3.56e+000 3.57e+000  -3.7 4.76e+000    -  1.00e+000 1.00e+000f  1
  92 1.7092306e+003 6.01e-001 3.88e+000  -3.8 3.91e+000    -  8.18e-001 1.00e+000h  1
  93 1.3279810e+003 3.99e-001 8.77e-001  -3.8 4.29e+000    -  1.00e+000 1.00e+000f  1
  94 1.2680875e+003 2.21e+000 1.40e+000  -4.4 2.93e+000    -  1.00e+000 1.00e+000h  1
  95 1.2612740e+003 3.94e+000 2.19e+000  -3.8 1.45e+001    -  1.00e+000 1.62e-001h  3
  96 1.2933959e+003 2.80e+000 1.48e+001  -3.8 9.51e+000    -  4.95e-001 9.54e-001H  1
  97 1.3373643e+003 1.53e+000 1.53e+001  -3.6 1.43e+001    -  5.52e-001 1.97e-001h  2
  98 1.5892808e+003 2.12e+000 7.77e+000  -3.8 9.32e+000    -  3.53e-001 1.00e+000H  1
  99 1.2638172e+003 8.87e-001 4.60e+000  -3.8 3.65e+000    -  1.00e+000 1.00e+000f  1
iter    objective    inf_pr   inf_du lg(mu)  ||d||  lg(rg) alpha_du alpha_pr  ls
 100 1.2507432e+003 1.33e-001 5.90e-001  -3.8 1.16e+000    -  9.99e-001 1.00e+000h  1
 101 1.2015510e+003 9.50e-001 8.68e-001  -4.2 1.62e+000    -  1.00e+000 1.00e+000h  1
 102 1.1621976e+003 4.41e+000 1.26e+000  -4.2 1.83e+001    -  1.00e+000 1.70e-001h  2
 103 1.1601943e+003 1.62e+000 1.24e+000  -3.8 9.49e-001  -4.0 1.00e+000 9.28e-001h  1
 104 1.0707389e+003 3.90e+000 8.14e-001  -4.4 3.72e+000    -  1.00e+000 7.43e-001h  1
 105 1.9688473e+003 1.33e+000 9.32e+000  -4.1 9.28e+000  -4.5 7.48e-001 8.93e-001h  1
 106 1.1490446e+003 7.42e-001 7.75e-001  -4.3 6.41e+000    -  7.85e-002 6.49e-001f  1
 107 1.0278166e+003 5.61e-002 3.39e+000  -4.2 2.37e+000    -  9.93e-001 1.00e+000f  1
 108 1.0135848e+003 2.62e-001 2.63e+000  -4.8 3.50e+000    -  1.00e+000 1.94e-001h  1
 109 1.0966423e+003 8.01e+000 3.33e+000  -3.8 1.12e+002    -  2.53e-001 7.70e-002f  1
iter    objective    inf_pr   inf_du lg(mu)  ||d||  lg(rg) alpha_du alpha_pr  ls
 110 1.0392803e+003 7.81e+000 2.03e+000  -4.4 7.17e+000    -  7.66e-001 2.50e-001h  1
 111 1.0255782e+003 7.99e+000 1.84e+000  -4.4 3.21e+001    -  1.04e-002 3.03e-002h  3
 112 9.5371667e+002 7.38e+000 1.07e+000  -4.4 3.88e+000    -  2.27e-001 8.34e-001h  1
 113 1.0951699e+003 6.26e+000 1.80e+000  -4.4 1.56e+001    -  3.57e-001 2.69e-001H  1
 114 9.6495859e+002 3.21e+000 8.39e-001  -4.5 2.16e+000    -  8.02e-001 4.92e-001h  1
 115 9.0888620e+002 9.50e-002 4.95e-001  -4.5 1.34e+000    -  1.00e+000 1.00e+000h  1
 116 8.9785539e+002 3.04e-001 3.65e-001  -4.9 1.61e+000    -  1.00e+000 3.63e-001h  1
 117 8.9614740e+002 3.03e-001 4.39e-001  -5.0 4.81e+000  -5.0 2.42e-001 1.92e-002h  5
 118 8.8940175e+002 3.67e-001 5.21e-001  -6.3 4.29e+000    -  1.94e-001 9.57e-002h  1
 119 8.9043139e+002 3.64e-001 5.43e-001  -5.2 4.07e+000  -4.5 2.34e-001 9.23e-003h  6
iter    objective    inf_pr   inf_du lg(mu)  ||d||  lg(rg) alpha_du alpha_pr  ls
 120 8.9025054e+002 3.64e-001 5.44e-001 -11.0 5.68e+000    -  4.72e-002 1.96e-003h  1
 121 8.7535477e+002 4.86e+000 1.92e+000  -5.1 8.12e+001    -  5.40e-002 4.11e-002f  2
 122 8.5371532e+002 1.53e+001 3.86e+000  -6.6 4.05e+001    -  6.41e-002 1.21e-001h  1
 123 8.2782749e+002 1.77e+001 5.16e+000  -4.5 7.13e+001    -  1.05e-001 4.26e-002h  1
 124 8.0760954e+002 2.03e+001 6.42e+000  -4.4 6.90e+001    -  1.23e-001 5.26e-002h  1
 125 8.0977931e+002 1.78e+001 6.72e+000  -4.4 2.00e+001    -  9.33e-002 1.81e-001h  1
 126 8.6275129e+002 5.95e+000 3.47e+000  -4.4 1.31e+001    -  3.95e-001 6.86e-001h  1
 127 7.8798162e+002 1.05e-001 7.14e-001  -4.6 1.58e+000    -  9.49e-001 1.00e+000h  1
 128 7.6541263e+002 3.65e-001 4.51e-001  -4.9 1.64e+000    -  9.96e-001 6.27e-001h  1
 129 7.5637183e+002 6.86e-001 3.98e-001  -4.6 2.62e+000    -  1.00e+000 6.33e-001h  1
iter    objective    inf_pr   inf_du lg(mu)  ||d||  lg(rg) alpha_du alpha_pr  ls
 130 7.5117044e+002 1.94e+000 1.20e+000  -4.7 6.76e+000    -  5.07e-001 3.79e-001h  1
 131 7.3586470e+002 3.03e+000 1.89e+000  -5.1 1.03e+001    -  4.63e-001 2.16e-001h  1
 132 7.2779667e+002 3.33e+000 2.27e+000  -4.5 1.05e+001    -  4.11e-001 1.29e-001h  2
 133 7.4420772e+002 1.80e+000 1.50e+000  -4.7 3.15e+000    -  6.88e-001 7.23e-001h  1
 134 7.1075855e+002 4.43e-001 3.97e-001  -4.8 1.47e+000    -  1.00e+000 9.82e-001h  1
 135 7.2629123e+002 6.25e-002 5.44e-001  -4.4 6.58e-001    -  8.01e-001 1.00e+000h  1
 136 7.0285828e+002 1.30e-001 2.61e-001  -4.9 7.68e-001    -  1.00e+000 1.00e+000h  1
 137 6.9609365e+002 1.54e-001 3.71e-001  -5.4 1.38e+000    -  1.00e+000 6.18e-001h  1
 138 6.8290419e+002 5.96e-001 9.19e-001  -5.5 2.01e+001    -  1.98e-001 9.00e-002h  1
 139 6.7511950e+002 2.22e+000 1.84e+000  -4.9 6.37e+001    -  3.03e-002 6.10e-002h  1
iter    objective    inf_pr   inf_du lg(mu)  ||d||  lg(rg) alpha_du alpha_pr  ls
 140 6.6839226e+002 2.60e+000 2.06e+000  -4.7 2.09e+001    -  2.31e-001 1.09e-001h  1
 141 6.7122888e+002 3.14e+000 2.26e+000  -4.6 1.65e+001    -  3.32e-001 2.03e-001h  1
 142 6.5781845e+002 2.37e+000 2.04e+000  -4.9 4.70e+000    -  5.41e-001 5.17e-001h  1
 143 7.1624073e+002 1.45e+000 1.98e+000  -4.5 3.88e+000    -  6.50e-001 5.84e-001h  1
 144 6.4148226e+002 1.40e+000 8.27e-001  -4.7 2.31e+000    -  2.90e-001 1.00e+000h  1
 145 6.5393173e+002 1.61e-001 3.85e-001  -4.8 9.92e-001    -  1.00e+000 9.71e-001h  1
 146 6.2965286e+002 1.43e-001 2.00e-001  -5.2 8.28e-001    -  1.00e+000 1.00e+000h  1
 147 6.2356434e+002 1.15e-001 1.41e-001  -5.6 1.01e+000    -  1.00e+000 6.08e-001h  1
 148 6.1763701e+002 1.94e-001 2.32e-001  -5.6 4.02e+000    -  5.31e-001 1.80e-001h  1
 149 6.1686649e+002 6.55e-001 5.32e-001  -4.6 2.47e+001    -  3.27e-001 1.06e-001h  2
iter    objective    inf_pr   inf_du lg(mu)  ||d||  lg(rg) alpha_du alpha_pr  ls
 150 6.0537452e+002 1.21e+000 9.07e-001  -4.8 2.02e+001    -  4.62e-001 1.56e-001h  1
 151 6.0359097e+002 1.69e+000 1.38e+000  -4.5 4.06e+001    -  2.34e-001 7.47e-002h  2
 152 5.9898508e+002 1.66e+000 1.46e+000  -5.0 1.03e+001    -  4.34e-001 1.74e-001h  2
 153 6.0992411e+002 1.83e+000 1.56e+000  -4.9 9.95e+000    -  4.50e-001 3.75e-001H  1
 154 5.9084740e+002 1.87e+000 1.51e+000  -5.0 7.46e+000    -  4.40e-001 4.45e-001h  1
 155 6.0961324e+002 1.11e+000 1.05e+000  -5.0 5.72e+000    -  6.72e-001 4.66e-001h  1
 156 5.8597374e+002 7.51e-001 8.15e-001  -5.0 1.85e+000    -  6.46e-001 3.25e-001h  1
 157 5.6653551e+002 3.56e-001 3.59e-001  -5.6 1.42e+000    -  7.92e-001 5.81e-001h  1
 158 5.5856420e+002 4.67e-001 3.66e-001  -5.1 2.93e+000    -  1.00e+000 8.11e-001h  1
 159 5.5540046e+002 5.00e-001 5.72e-001  -4.8 6.92e+000    -  6.37e-001 2.48e-001h  1
iter    objective    inf_pr   inf_du lg(mu)  ||d||  lg(rg) alpha_du alpha_pr  ls
 160 5.9931675e+002 2.26e-001 7.13e-001  -4.9 2.31e+000    -  9.50e-001 1.00e+000h  1
 161 5.5039180e+002 2.10e-001 2.59e-001  -4.9 1.83e+000    -  9.81e-001 1.00e+000h  1
 162 5.4773114e+002 9.27e-002 1.38e-001  -5.2 9.61e-001    -  1.00e+000 9.26e-001h  1
 163 5.4050554e+002 4.28e-001 5.09e-001  -5.3 5.56e+000    -  1.00e+000 3.68e-001h  1
 164 5.3722749e+002 1.47e+000 1.32e+000  -4.7 2.30e+001    -  3.06e-001 1.81e-001h  1
 165 5.3537920e+002 1.59e+000 2.33e+000  -5.0 2.97e+001    -  3.15e-001 5.74e-002h  2
 166 5.3176720e+002 1.59e+000 1.98e+000  -5.0 9.02e+000    -  8.92e-001 2.76e-001h  1
 167 5.4998975e+002 1.39e+000 2.01e+000  -5.0 9.91e+000    -  5.90e-001 6.21e-001H  1
 168 5.4032736e+002 1.26e+000 2.03e+000  -5.1 1.00e+001    -  6.52e-001 1.12e-001h  1
 169 5.2289091e+002 7.21e-001 1.68e+000  -5.1 3.66e+000    -  5.92e-001 4.74e-001h  1
iter    objective    inf_pr   inf_du lg(mu)  ||d||  lg(rg) alpha_du alpha_pr  ls
 170 5.1245951e+002 3.34e-001 7.48e-001  -5.1 2.23e+000    -  9.81e-001 5.50e-001h  1
 171 5.0877570e+002 2.06e-001 3.39e+000  -5.6 1.15e+000    -  9.82e-001 4.28e-001h  1
 172 5.1209273e+002 8.81e-002 8.38e-001  -4.9 2.19e+000    -  1.00e+000 8.43e-001h  1
 173 5.0452195e+002 1.10e-001 3.39e-001  -5.4 1.28e+000    -  1.00e+000 8.63e-001h  1
 174 5.0117333e+002 1.20e-001 7.17e-001  -5.4 3.82e+000    -  6.41e-001 1.65e-001h  2
 175 5.0137947e+002 3.30e-002 3.77e-001  -5.4 1.59e+000    -  1.00e+000 8.60e-001H  1
 176 4.9588603e+002 4.05e-002 4.42e-001  -5.9 1.71e+000    -  1.00e+000 3.99e-001h  1
 177 4.9163441e+002 5.15e-002 5.02e-001  -7.2 4.93e+000    -  3.84e-001 1.17e-001h  1
 178 4.8826341e+002 1.33e-001 5.86e-001  -6.2 5.25e+000    -  3.94e-001 2.77e-001h  1
 179 4.9195911e+002 1.67e-001 6.00e-001  -5.1 2.43e+000    -  3.58e-001 5.50e-001h  1
iter    objective    inf_pr   inf_du lg(mu)  ||d||  lg(rg) alpha_du alpha_pr  ls
 180 4.8835844e+002 1.39e-001 5.87e-001  -5.6 1.69e+000    -  8.60e-001 2.03e-001h  1
 181 4.8490462e+002 1.30e-001 6.15e-001  -5.2 3.08e+000    -  6.26e-001 3.02e-001f  2
 182 4.8617899e+002 4.04e-002 2.61e-001  -5.3 1.67e+000    -  7.17e-001 1.00e+000h  1
 183 4.8116477e+002 2.35e-002 2.49e-001  -5.3 9.02e-001    -  1.00e+000 5.92e-001h  1
 184 4.7823694e+002 2.01e-002 2.11e-001  -5.8 9.06e-001    -  1.00e+000 4.25e-001h  1
 185 4.8212845e+002 8.39e-003 2.84e-001  -5.3 1.52e+000    -  9.02e-001 9.15e-001H  1
 186 4.7849336e+002 3.86e-002 4.50e-001  -5.4 1.44e+000    -  1.00e+000 6.69e-001h  1
 187 4.7583883e+002 3.49e-002 4.47e-001  -5.5 1.41e+000    -  6.92e-001 5.18e-001h  1
 188 4.7257190e+002 1.22e-003 1.14e-001  -5.5 2.22e-001    -  1.00e+000 9.94e-001f  1
 189 4.7179812e+002 1.91e-003 3.85e-001  -6.2 5.36e-001    -  1.00e+000 2.53e-001h  1
iter    objective    inf_pr   inf_du lg(mu)  ||d||  lg(rg) alpha_du alpha_pr  ls
 190 4.6990477e+002 7.02e-002 4.33e-001  -5.5 1.05e+001    -  9.68e-001 1.19e-001h  1
 191 4.6826583e+002 1.04e-001 6.78e-001  -5.3 1.47e+001    -  2.43e-001 6.20e-002h  2
 192 4.6712966e+002 5.41e-001 1.35e+000  -5.1 8.19e+000    -  4.08e-001 3.42e-001h  1
 193 4.6845548e+002 6.53e-001 1.65e+000  -4.9 9.71e+000    -  2.73e-001 1.13e-001h  2
 194 4.6542011e+002 7.92e-001 1.93e+000  -5.3 4.23e+000    -  8.40e-001 4.48e-001h  1
 195 4.6243768e+002 8.09e-001 2.14e+000  -5.6 9.26e+000    -  2.96e-001 9.33e-002h  2
 196 4.6800111e+002 6.52e-001 1.90e+000  -5.3 3.10e+000    -  1.00e+000 4.62e-001h  1
 197 4.6103099e+002 4.98e-001 1.85e+000  -5.4 2.40e+000    -  8.18e-001 3.79e-001h  1
 198 4.5514218e+002 3.35e-001 1.26e+000 -11.0 1.54e+000    -  3.93e-001 3.50e-001h  1
 199 4.5337315e+002 1.37e-002 1.97e-001  -5.3 5.38e-001    -  9.66e-001 1.00e+000h  1
iter    objective    inf_pr   inf_du lg(mu)  ||d||  lg(rg) alpha_du alpha_pr  ls
 200 4.5079873e+002 1.23e-002 1.26e-001  -5.9 3.59e-001    -  1.00e+000 8.05e-001h  1
 201 4.5257690e+002 9.84e-003 3.65e-001  -5.5 9.76e-001    -  1.00e+000 9.35e-001H  1
 202 4.4809971e+002 1.49e-001 7.59e-001  -5.7 1.27e+000    -  1.00e+000 7.92e-001h  1
 203 4.4580729e+002 1.52e-001 9.03e-001  -5.3 2.58e+000    -  3.14e-001 1.59e-001h  2
 204 4.4570673e+002 2.06e-002 2.92e-001  -5.8 6.46e-001    -  9.81e-001 9.26e-001h  1
 205 4.4210783e+002 1.18e-002 2.09e-001  -5.9 2.74e-001    -  1.00e+000 9.16e-001h  1
 206 4.4086158e+002 3.12e-002 2.36e-001  -5.9 8.60e-001    -  6.20e-001 4.37e-001h  1
 207 4.4074165e+002 8.05e-002 4.48e-001  -5.4 2.45e+000    -  2.92e-001 2.24e-001h  2
 208 4.3962133e+002 3.04e-001 9.16e-001  -5.4 3.51e+000    -  3.74e-001 3.31e-001h  1
 209 4.3841171e+002 4.52e-001 1.34e+000  -5.3 1.02e+001    -  3.63e-001 1.03e-001h  2
iter    objective    inf_pr   inf_du lg(mu)  ||d||  lg(rg) alpha_du alpha_pr  ls
 210 4.3789916e+002 7.94e-001 1.97e+000  -5.8 9.66e+000    -  3.27e-001 1.78e-001H  1
 211 4.3699917e+002 7.64e-001 2.01e+000  -5.5 7.57e+000    -  4.18e-001 5.34e-002h  1
 212 4.4763960e+002 9.79e-001 3.16e+000  -5.0 3.01e+000    -  2.09e-001 5.52e-001h  1
 213 4.4333691e+002 1.18e-001 6.73e-001  -5.4 1.17e+000    -  1.00e+000 8.83e-001h  1
 214 4.3556274e+002 4.12e-002 1.31e-001  -5.4 4.53e-001    -  9.75e-001 1.00e+000h  1
 215 4.3348376e+002 9.50e-003 1.57e-001  -5.9 2.22e-001    -  1.00e+000 8.37e-001h  1
 216 4.3264112e+002 7.41e-003 3.19e-001  -6.2 3.13e-001    -  1.00e+000 2.89e-001h  1
 217 4.3607908e+002 8.66e-002 3.17e-001  -5.0 3.48e+000    -  1.23e-001 1.30e-001f  1
 218 4.3306331e+002 1.43e-001 3.52e-001  -5.8 5.26e+000    -  5.81e-002 2.83e-001h  1
 219 4.3220979e+002 1.52e-001 5.52e-001  -5.8 6.48e+000    -  5.12e-001 1.55e-001h  1
iter    objective    inf_pr   inf_du lg(mu)  ||d||  lg(rg) alpha_du alpha_pr  ls
 220 4.3123405e+002 2.85e-002 2.98e-001  -5.5 8.14e-001    -  1.00e+000 1.00e+000f  1
 221 4.3025295e+002 3.05e-003 1.71e-001  -5.6 3.71e-001    -  1.00e+000 8.99e-001H  1
 222 4.2833970e+002 4.95e-003 1.81e-001  -6.0 3.68e-001    -  1.00e+000 4.80e-001h  1
 223 4.2777812e+002 1.37e-002 2.18e-001  -6.1 9.58e-001    -  1.00e+000 2.90e-001h  1
 224 4.2577108e+002 2.12e-002 2.60e-001  -6.1 4.06e-001    -  1.00e+000 7.99e-001h  1
 225 4.2561870e+002 2.95e-002 2.27e-001  -5.7 1.12e+000    -  4.36e-001 2.62e-001h  2
 226 4.2468911e+002 2.10e-002 1.31e-001  -6.1 3.56e-001    -  1.00e+000 1.00e+000h  1
 227 4.2407880e+002 7.26e-002 2.33e-001  -6.1 1.18e+000    -  7.06e-001 5.06e-001h  1
 228 4.2345880e+002 9.97e-002 3.24e-001  -6.3 1.31e+000    -  3.44e-001 3.58e-001h  1
 229 4.2545798e+002 2.04e-001 2.99e-001  -5.9 9.06e-001    -  5.29e-001 9.96e-001h  1
iter    objective    inf_pr   inf_du lg(mu)  ||d||  lg(rg) alpha_du alpha_pr  ls
 230 4.2274680e+002 1.05e-001 3.03e-001  -6.1 3.26e-001    -  6.18e-001 5.15e-001h  1
 231 4.2124922e+002 5.62e-002 2.59e-001  -6.3 4.88e-001    -  7.27e-001 5.02e-001f  1
 232 4.2083703e+002 4.67e-002 1.91e-001  -6.2 5.23e-001    -  7.32e-001 2.59e-001h  1
 233 4.2019214e+002 1.02e-001 3.44e-001  -6.3 2.38e+000    -  4.58e-001 1.89e-001h  1
 234 4.2003725e+002 5.20e-001 5.32e-001  -5.9 6.11e+000    -  2.40e-001 1.81e-001h  1
 235 4.2043769e+002 6.85e-001 7.52e-001  -5.8 4.11e+000    -  4.13e-001 2.20e-001H  1
 236 4.2422253e+002 3.82e-001 7.89e-001  -6.1 1.44e+000    -  4.17e-001 6.84e-001H  1
 237 4.1986291e+002 2.16e-001 6.46e-001  -6.1 5.77e-001    -  3.98e-001 4.37e-001f  1
 238 4.1805915e+002 1.38e-001 4.38e-001  -6.3 3.94e-001    -  5.53e-001 3.66e-001h  1
 239 4.1693467e+002 7.29e-002 2.51e-001  -6.6 4.67e-001    -  8.64e-001 4.74e-001h  1
iter    objective    inf_pr   inf_du lg(mu)  ||d||  lg(rg) alpha_du alpha_pr  ls
 240 4.1659708e+002 5.71e-002 2.19e-001  -6.3 3.93e-001    -  1.00e+000 2.42e-001h  1
 241 4.1593559e+002 7.60e-002 2.05e-001  -6.5 9.20e-001    -  9.53e-001 4.06e-001h  1
 242 4.1584689e+002 1.09e-001 2.73e-001  -6.2 2.69e+000    -  5.79e-001 2.36e-001h  1
 243 4.1534362e+002 8.94e-002 2.77e-001  -7.0 1.57e+000    -  6.36e-001 3.01e-001h  1
 244 4.1561571e+002 9.09e-002 3.05e-001  -6.0 1.72e+000    -  2.84e-001 5.66e-001h  1
 245 4.1507583e+002 5.61e-002 2.66e-001  -6.4 4.36e-001    -  5.04e-001 4.20e-001h  1
 246 4.1453887e+002 2.90e-002 1.81e-001  -6.4 2.73e-001    -  8.26e-001 4.90e-001f  1
 247 4.1414338e+002 2.07e-002 1.33e-001  -6.5 3.33e-001    -  4.40e-001 4.51e-001h  1
 248 4.1380932e+002 3.40e-002 1.62e-001  -6.4 1.07e+000    -  3.27e-001 2.76e-001h  1
 249 4.1373824e+002 7.48e-002 2.45e-001  -6.2 3.11e+000    -  5.23e-001 2.08e-001h  1
iter    objective    inf_pr   inf_du lg(mu)  ||d||  lg(rg) alpha_du alpha_pr  ls
 250 4.1344412e+002 9.67e-002 3.13e-001  -7.5 3.61e+000    -  2.80e-001 1.58e-001h  1
 251 4.1329241e+002 1.35e-001 3.81e-001  -6.1 3.94e+000    -  2.05e-001 2.10e-001h  1
 252 4.1309423e+002 1.64e-001 4.41e-001  -6.1 3.65e+000    -  4.81e-001 1.88e-001h  1
 253 4.1275607e+002 1.75e-001 5.10e-001  -7.2 2.81e+000    -  4.25e-001 1.82e-001h  1
 254 4.1236025e+002 1.48e-001 5.06e-001  -6.5 1.14e+000    -  4.41e-001 2.36e-001h  1
 255 4.1180610e+002 1.01e-001 3.86e-001  -7.1 1.13e+000    -  7.39e-001 3.42e-001h  1
 256 4.1125383e+002 1.03e-001 4.04e-001  -7.2 2.82e+000    -  3.54e-001 1.43e-001h  1
 257 4.1093488e+002 1.34e-001 4.56e-001  -6.5 6.13e+000    -  1.46e-001 1.08e-001h  1
 258 4.1081687e+002 1.34e-001 4.72e-001  -6.1 5.82e+000    -  2.32e-001 2.52e-002h  1
 259 4.1161388e+002 3.24e-001 5.59e-001  -5.7 4.79e+000    -  4.89e-002 2.41e-001h  1
iter    objective    inf_pr   inf_du lg(mu)  ||d||  lg(rg) alpha_du alpha_pr  ls
 260 4.1139245e+002 3.18e-001 5.87e-001  -6.5 7.34e+000    -  3.57e-001 3.53e-002h  1
 261 4.1069517e+002 5.80e-001 8.24e-001  -6.5 1.97e+001    -  1.60e-001 7.70e-002f  1
 262 4.1033491e+002 6.38e-001 9.50e-001  -6.2 8.26e+000    -  2.72e-001 6.97e-002h  1
 263 4.0941366e+002 6.99e-001 1.07e+000  -6.4 6.10e+000    -  1.46e-001 1.40e-001h  1
 264 4.0907167e+002 7.26e-001 1.17e+000  -5.5 1.24e+001    -  9.72e-002 4.50e-002h  1
 265 4.0917209e+002 7.49e-001 1.26e+000  -5.8 5.03e+000    -  3.04e-001 1.42e-001h  2
 266 4.0976023e+002 7.40e-001 1.13e+000  -6.1 2.37e+000    -  4.93e-001 4.89e-001h  1
 267 4.0890008e+002 7.42e-001 1.22e+000  -6.1 5.36e+000    -  3.61e-001 1.11e-001h  1
 268 4.0856791e+002 7.41e-001 1.26e+000  -6.3 5.10e+000    -  4.42e-001 1.12e-001h  2
 269 4.0792353e+002 6.13e-001 1.10e+000  -6.7 2.42e+000    -  5.34e-001 2.89e-001h  1
iter    objective    inf_pr   inf_du lg(mu)  ||d||  lg(rg) alpha_du alpha_pr  ls
 270 4.1012206e+002 3.30e-001 6.68e-001  -5.8 1.57e+000    -  2.60e-001 5.66e-001h  1
 271 4.0778135e+002 3.07e-002 5.66e-002  -5.9 6.00e-001    -  1.00e+000 1.00e+000h  1
 272 4.0719274e+002 1.80e-002 2.43e-001  -6.3 6.13e-001    -  9.33e-001 4.20e-001h  1
 273 4.0667496e+002 8.15e-003 4.04e-002  -6.3 2.23e-001    -  1.00e+000 9.57e-001h  1
 274 4.0666301e+002 5.50e-002 1.36e-001  -6.0 9.95e-001    -  1.00e+000 4.91e-001h  1
 275 4.0880014e+002 5.93e-001 4.09e-001  -5.7 5.69e+000    -  2.87e-001 5.28e-001h  1
 276 4.1019966e+002 4.18e-001 5.34e-001  -6.0 2.58e+000    -  8.55e-001 4.11e-001H  1
 277 4.0728062e+002 2.17e-001 3.12e-001  -6.0 2.18e+000    -  1.82e-001 5.90e-001h  1
 278 4.0649612e+002 1.63e-001 1.96e-001  -6.0 3.00e+000    -  4.37e-001 2.90e-001f  1
 279 4.0585431e+002 8.47e-002 9.16e-002  -6.5 1.65e+000    -  8.39e-001 5.00e-001h  1
iter    objective    inf_pr   inf_du lg(mu)  ||d||  lg(rg) alpha_du alpha_pr  ls
 280 4.0545560e+002 3.37e-002 1.03e-001  -6.4 7.78e-001    -  1.00e+000 6.33e-001h  1
 281 4.0520327e+002 1.94e-002 6.59e-002  -6.4 3.60e-001    -  8.54e-001 6.03e-001h  1
 282 4.0497167e+002 2.27e-002 9.87e-002  -6.4 7.81e-001    -  1.00e+000 4.53e-001h  1
 283 4.0491277e+002 7.51e-002 1.61e-001  -6.1 3.81e+000    -  5.29e-001 2.10e-001h  2
 284 4.0480962e+002 8.09e-002 1.88e-001  -6.5 2.89e+000    -  8.63e-001 1.36e-001h  3
 285 4.0565057e+002 3.18e-003 1.66e-001  -6.2 1.07e+000    -  1.00e+000 1.00e+000H  1
 286 4.0504926e+002 2.72e-002 2.03e-001  -6.3 1.59e+000    -  8.30e-001 3.19e-001h  2
 287 4.0456625e+002 5.62e-002 2.10e-001  -6.3 2.90e+000    -  5.04e-001 3.23e-001h  1
 288 4.0428724e+002 2.96e-002 1.38e-001  -6.7 1.01e+000    -  9.03e-001 5.74e-001h  1
 289 4.0381993e+002 1.86e-002 1.07e-001  -6.7 5.89e-001    -  8.16e-001 3.69e-001h  1
iter    objective    inf_pr   inf_du lg(mu)  ||d||  lg(rg) alpha_du alpha_pr  ls
 290 4.0351816e+002 1.38e-002 3.16e-001  -7.5 4.24e-001    -  9.20e-001 3.29e-001h  1
 291 4.0327791e+002 2.66e-002 9.97e-002  -7.1 1.39e+000    -  1.00e+000 3.22e-001h  1
 292 4.0310834e+002 5.01e-002 1.08e-001  -6.6 2.15e+000    -  5.22e-001 2.46e-001h  1
 293 4.0297286e+002 7.41e-002 2.55e-001  -6.4 5.24e+000    -  4.24e-001 9.24e-002h  1
 294 4.0295214e+002 7.32e-002 3.22e-001  -6.2 2.52e+000    -  2.10e-001 3.33e-002h  1
 295 4.0285807e+002 6.54e-002 1.37e-001  -6.9 7.79e-001    -  9.39e-001 5.43e-001h  1
 296 4.0276391e+002 1.83e-001 2.31e-001  -6.5 2.89e+000    -  2.29e-001 3.00e-001h  1
 297 4.0252825e+002 1.64e-001 2.81e-001  -7.0 1.12e+000  -5.1 8.68e-001 2.51e-001h  2
 298 4.0261974e+002 2.54e-001 3.42e-001  -6.4 2.07e+000    -  2.21e-001 3.20e-001h  1
 299 4.0247373e+002 2.35e-001 3.38e-001  -6.8 4.56e+000    -  2.67e-001 1.85e-001h  1
iter    objective    inf_pr   inf_du lg(mu)  ||d||  lg(rg) alpha_du alpha_pr  ls
 300 4.0229827e+002 2.17e-001 3.30e-001  -6.9 2.11e+000    -  5.20e-001 9.12e-002h  1
 301 4.0398993e+002 2.52e-001 1.45e+000  -5.9 1.97e+000    -  6.00e-002 3.92e-001h  1
 302 4.0370889e+002 2.38e-001 1.39e+000  -6.8 1.01e+000    -  3.48e-001 6.14e-002h  1
 303 4.0264255e+002 2.00e-001 1.11e+000  -6.8 2.34e+000    -  6.89e-001 2.35e-001f  1
 304 4.0212319e+002 1.53e-001 8.39e-001  -6.3 6.39e-001    -  8.76e-001 3.03e-001f  1
 305 4.0179361e+002 1.42e-001 5.49e-001  -6.7 1.07e+000    -  5.41e-001 3.44e-001h  1
 306 4.0185361e+002 1.64e-001 4.50e-001  -6.1 1.89e+000    -  2.50e-001 1.79e-001h  1
 307 4.0273212e+002 7.71e-002 1.98e-001  -6.5 8.35e-001    -  6.64e-001 7.07e-001H  1
 308 4.0172704e+002 2.55e-002 1.84e-001  -6.8 7.55e-001    -  1.00e+000 7.65e-001f  1
 309 4.0125668e+002 1.46e-002 1.31e-001  -6.5 6.55e-001    -  5.30e-001 4.29e-001h  1
iter    objective    inf_pr   inf_du lg(mu)  ||d||  lg(rg) alpha_du alpha_pr  ls
 310 4.0108784e+002 1.03e-002 8.10e-002  -6.6 4.89e-001    -  8.15e-001 5.41e-001h  1
 311 4.0094957e+002 2.08e-002 1.32e-001  -7.6 1.24e+000    -  2.39e-001 1.55e-001h  1
 312 4.0086553e+002 2.73e-002 2.12e-001 -11.0 4.69e+000    -  4.92e-002 3.27e-002h  1
 313 4.0070174e+002 9.92e-002 2.22e-001  -6.7 1.64e+001    -  4.55e-002 3.62e-002h  1
 314 4.0059289e+002 1.27e-001 2.88e-001  -6.1 3.38e+001    -  3.05e-002 1.34e-002h  1
 315 4.0055104e+002 1.17e-001 2.86e-001  -7.1 6.56e-001  -4.6 3.90e-001 8.07e-002h  1
 316 4.0053932e+002 1.15e-001 2.89e-001  -7.0 2.26e+000    -  2.19e-001 1.32e-002h  1
 317 4.0035728e+002 3.67e-001 4.81e-001  -7.3 5.35e+001    -  8.60e-004 2.79e-002h  1
 318 4.0038033e+002 4.12e-001 5.75e-001  -6.0 4.25e+001    -  8.29e-002 1.97e-002h  2
 319 4.0029390e+002 4.24e-001 6.26e-001  -6.8 1.13e+001    -  5.75e-002 5.35e-002h  2
iter    objective    inf_pr   inf_du lg(mu)  ||d||  lg(rg) alpha_du alpha_pr  ls
 320 4.0018969e+002 4.80e-001 7.11e-001  -6.4 2.11e+001    -  5.52e-002 3.52e-002h  1
 321 4.0035462e+002 6.27e-001 8.17e-001  -5.7 2.21e+001    -  5.21e-002 5.42e-002h  1
 322 4.0018383e+002 7.09e-001 9.09e-001  -6.6 1.75e+001    -  3.72e-002 5.31e-002h  1
 323 4.0011204e+002 7.44e-001 9.82e-001  -6.6 1.95e+001    -  9.44e-002 3.04e-002h  1
 324 3.9993033e+002 7.04e-001 9.84e-001  -7.6 4.57e+000    -  3.05e-001 9.42e-002h  1
 325 3.9972644e+002 6.63e-001 9.76e-001  -8.3 4.27e+000    -  3.30e-001 1.37e-001h  1
 326 3.9940045e+002 6.45e-001 1.00e+000 -11.0 6.17e+000    -  7.99e-002 9.86e-002h  1
 327 3.9931694e+002 5.96e-001 9.69e-001  -7.5 3.93e+000    -  8.72e-002 1.02e-001h  1
 328 3.9928801e+002 5.83e-001 9.51e-001 -11.0 7.72e-001    -  1.39e-001 2.18e-002h  1
 329 3.9901335e+002 3.89e-001 6.52e-001  -7.3 5.62e-001    -  4.49e-001 3.34e-001h  1
iter    objective    inf_pr   inf_du lg(mu)  ||d||  lg(rg) alpha_du alpha_pr  ls
 330 3.9890522e+002 2.28e-001 3.89e-001  -6.8 8.14e-001    -  4.42e-001 4.25e-001h  1
 331 3.9877786e+002 5.37e-002 8.90e-002  -7.1 3.79e-001    -  8.78e-001 7.76e-001h  1
 332 3.9866046e+002 3.24e-002 1.07e-001  -7.1 2.74e-001    -  1.00e+000 4.07e-001h  1
 333 3.9872465e+002 2.38e-003 2.68e-002  -6.8 1.74e-001    -  9.61e-001 1.00e+000h  1
 334 3.9862299e+002 2.03e-003 1.91e-002  -6.9 2.41e-001    -  1.00e+000 9.93e-001h  1
 335 3.9875894e+002 5.77e-004 2.31e-002  -6.7 2.09e-001    -  1.00e+000 1.00e+000h  1
 336 3.9857274e+002 8.89e-004 2.36e-002  -7.0 1.49e-001    -  1.00e+000 8.63e-001h  1
 337 3.9862100e+002 1.56e-003 6.35e-002  -6.7 2.41e-001    -  6.26e-001 8.47e-001h  1
 338 3.9858185e+002 1.35e-003 3.06e-002  -6.9 5.54e-001    -  1.00e+000 8.57e-001H  1
 339 3.9852611e+002 3.46e-003 3.09e-001  -6.9 1.34e+000    -  4.91e-001 2.38e-001f  1
iter    objective    inf_pr   inf_du lg(mu)  ||d||  lg(rg) alpha_du alpha_pr  ls
 340 3.9842740e+002 7.06e-003 2.64e-001 -11.0 3.11e+000    -  1.32e-001 1.46e-001h  1
 341 3.9836566e+002 8.42e-003 2.22e-001  -8.8 2.21e+000    -  3.64e-001 1.87e-001h  1
 342 3.9838551e+002 8.17e-003 5.83e-002  -7.1 7.03e-001    -  1.00e+000 8.02e-001h  1
 343 3.9847385e+002 2.52e-003 5.74e-002  -6.9 3.06e-001    -  1.00e+000 1.00e+000h  1
 344 3.9831016e+002 7.64e-004 2.34e-002  -7.0 6.55e-002    -  1.00e+000 9.95e-001h  1
 345 3.9821292e+002 4.51e-004 2.33e-002  -7.2 2.23e-001    -  1.00e+000 7.02e-001h  1
 346 3.9817016e+002 1.60e-003 3.27e-002  -7.2 3.81e-001    -  1.00e+000 6.30e-001h  1
 347 3.9814944e+002 7.20e-003 1.10e-001  -6.9 1.81e+000    -  5.01e-001 2.39e-001h  1
 348 3.9949237e+002 5.24e-002 6.68e-001  -6.2 1.82e+000    -  1.10e-001 5.07e-001h  1
 349 3.9853856e+002 1.00e-002 1.32e-001  -6.9 2.25e-001    -  8.05e-001 8.14e-001h  1
iter    objective    inf_pr   inf_du lg(mu)  ||d||  lg(rg) alpha_du alpha_pr  ls
 350 3.9819637e+002 3.76e-003 8.92e-002  -6.9 1.25e-001    -  8.90e-001 6.50e-001f  1
 351 3.9814943e+002 1.02e-003 5.38e-002  -6.9 6.25e-002    -  1.00e+000 7.47e-001f  1
 352 3.9810237e+002 1.44e-003 1.99e-002  -7.0 1.44e-001    -  1.00e+000 7.19e-001f  1
 353 3.9816666e+002 6.17e-003 2.07e-001  -6.5 1.34e+000    -  4.40e-001 1.62e-001h  1
 354 3.9816560e+002 7.01e-002 1.53e-001  -6.8 2.66e+000    -  2.60e-001 2.62e-001h  2
 355 3.9814297e+002 7.36e-002 1.78e-001  -6.8 6.23e+000    -  1.37e-001 2.96e-002h  3
 356 3.9815318e+002 7.57e-002 2.51e-001  -6.8 2.02e+000    -  5.45e-001 1.25e-001h  2
 357 3.9816159e+002 8.44e-002 3.98e-001  -6.8 2.34e+000    -  2.59e-001 1.67e-001H  1
 358 3.9810661e+002 8.16e-002 2.88e-001  -6.8 2.99e+000    -  3.50e-001 9.80e-002h  3
 359 3.9808095e+002 6.82e-002 2.97e-001  -6.8 2.22e+000    -  5.98e-001 2.18e-001h  2
iter    objective    inf_pr   inf_du lg(mu)  ||d||  lg(rg) alpha_du alpha_pr  ls
 360 3.9877313e+002 1.67e-002 1.25e-001  -6.8 8.84e-001    -  8.55e-001 1.00e+000h  1
 361 3.9798216e+002 1.55e-002 3.46e-002  -6.9 7.94e-001    -  5.13e-001 7.89e-001h  1
 362 3.9791276e+002 1.22e-002 4.51e-002  -6.9 6.32e-001    -  6.53e-001 2.18e-001f  3
 363 3.9781646e+002 1.57e-003 1.42e-002  -7.1 8.16e-002    -  1.00e+000 9.98e-001h  1
 364 3.9788183e+002 4.45e-005 5.19e-002  -7.1 4.44e-001    -  9.98e-001 1.00e+000H  1
 365 3.9772658e+002 3.35e-003 6.73e-002  -7.5 5.64e-001    -  1.00e+000 4.40e-001h  1
 366 3.9767951e+002 2.43e-003 4.29e-002  -7.1 4.99e-001    -  8.97e-001 3.38e-001h  1
 367 3.9761911e+002 1.79e-003 1.23e-002  -7.1 1.36e-001    -  1.00e+000 9.59e-001h  1
 368 3.9755352e+002 5.64e-003 4.59e-002  -7.6 3.18e-001    -  1.00e+000 6.02e-001h  1
 369 3.9830715e+002 2.39e-002 1.05e+000  -6.6 5.17e-001    -  2.19e-001 9.48e-001h  1
iter    objective    inf_pr   inf_du lg(mu)  ||d||  lg(rg) alpha_du alpha_pr  ls
 370 3.9788938e+002 1.72e-002 6.25e-001  -7.2 4.10e-001    -  1.00e+000 4.00e-001h  1
 371 3.9779210e+002 1.00e-002 3.51e-001  -7.2 1.88e-001    -  5.85e-001 4.38e-001f  1
 372 3.9772150e+002 8.77e-003 2.95e-001  -7.2 2.76e-001    -  6.87e-001 1.45e-001f  1
 373 3.9760106e+002 1.05e-002 1.85e-001  -7.2 4.07e-001    -  9.94e-002 3.87e-001f  1
 374 3.9755323e+002 1.11e-002 1.67e-001  -7.2 1.94e+000    -  1.48e-001 3.48e-002f  1
 375 3.9753112e+002 1.04e-002 1.75e-001  -7.2 5.18e-001    -  3.80e-001 1.27e-001f  3
 376 3.9746901e+002 1.28e-002 1.41e-001  -7.2 3.74e-001    -  1.00e+000 5.48e-001h  1
 377 3.9743927e+002 1.55e-002 1.99e-001  -7.4 1.68e+000    -  2.69e-001 8.59e-002h  2
 378 3.9742608e+002 1.51e-002 2.30e-001  -7.2 7.75e-001    -  6.98e-001 1.03e-001h  3
 379 3.9774019e+002 9.99e-003 1.88e-001  -6.7 7.97e-001    -  5.15e-001 9.13e-001H  1
iter    objective    inf_pr   inf_du lg(mu)  ||d||  lg(rg) alpha_du alpha_pr  ls
 380 3.9771188e+002 1.32e-002 4.32e-001  -7.0 6.44e+000    -  1.81e-001 2.13e-002h  1
 381 3.9758340e+002 1.02e-001 3.59e-001  -7.0 3.09e+001    -  1.43e-002 2.29e-002f  1
 382 3.9762878e+002 9.99e-002 3.77e-001  -7.0 2.83e+000  -5.6 1.52e-001 2.47e-002h  1
 383 3.9753323e+002 1.06e-001 5.41e-001  -7.0 2.73e+000    -  6.36e-002 1.12e-001f  1
 384 3.9750052e+002 1.20e-001 8.53e-001  -7.0 2.04e+001    -  4.31e-002 1.35e-002h  3
 385 3.9741339e+002 1.24e-001 6.74e-001  -7.0 1.91e+000    -  2.42e-001 1.96e-001h  1
 386 3.9811943e+002 1.78e-001 9.54e-001  -5.9 2.36e+000    -  9.32e-002 2.87e-001f  1
 387 3.9802366e+002 1.87e-001 8.79e-001  -6.8 5.54e+000    -  3.27e-001 5.67e-002h  1
 388 3.9787063e+002 2.36e-001 7.05e-001  -6.8 1.73e+001    -  8.48e-002 2.93e-002h  2
 389 3.9779620e+002 4.17e-001 7.68e-001  -6.8 1.33e+001    -  1.14e-001 7.47e-002h  1
iter    objective    inf_pr   inf_du lg(mu)  ||d||  lg(rg) alpha_du alpha_pr  ls
 390 3.9767976e+002 4.74e-001 8.97e-001  -6.8 1.89e+001    -  6.19e-002 3.06e-002h  1
 391 3.9757543e+002 5.03e-001 9.97e-001  -6.8 1.75e+001    -  5.29e-002 2.37e-002h  1
 392 3.9753521e+002 5.09e-001 1.06e+000  -6.8 8.33e+000    -  2.67e-001 3.91e-002h  3
 393 3.9750139e+002 4.66e-001 1.03e+000  -6.8 2.74e+000    -  4.61e-001 1.43e-001h  2
 394 3.9768916e+002 4.62e-001 1.04e+000  -6.8 3.93e+000    -  7.95e-002 1.83e-001h  1
 395 3.9760287e+002 4.53e-001 1.07e+000  -6.8 4.28e+000    -  2.18e-001 2.14e-001H  1
 396 3.9749589e+002 4.44e-001 1.09e+000  -6.8 7.30e+000    -  1.77e-001 4.13e-002h  3
 397 3.9738807e+002 2.43e-001 7.10e-001  -6.8 1.00e+000    -  2.32e-001 4.54e-001h  1
 398 3.9705271e+002 9.83e-002 2.38e-001  -6.7 5.88e-001    -  7.39e-001 6.71e-001f  1
 399 3.9984367e+002 4.00e-002 4.53e-001  -6.3 1.43e+000    -  3.39e-001 8.70e-001H  1
iter    objective    inf_pr   inf_du lg(mu)  ||d||  lg(rg) alpha_du alpha_pr  ls
 400 3.9863713e+002 4.97e-003 2.34e-001  -6.6 3.08e-001    -  8.39e-001 8.84e-001h  1
 401 3.9756197e+002 1.74e-002 1.22e-001  -6.6 8.12e-001    -  3.11e-001 4.30e-001f  1
 402 3.9741059e+002 1.67e-002 8.51e-002  -6.6 8.03e-001    -  7.38e-001 2.00e-001f  3
 403 3.9714616e+002 1.42e-002 4.53e-002  -6.6 5.00e-001    -  7.93e-001 3.48e-001h  1
 404 3.9705305e+002 1.76e-002 9.67e-002  -7.3 6.62e-001    -  8.54e-001 4.41e-001h  1
 405 3.9701587e+002 8.51e-005 2.74e-002  -6.7 7.01e-002    -  1.00e+000 1.00e+000h  1
 406 3.9684420e+002 4.07e-005 1.60e-001  -7.3 3.45e-002    -  1.00e+000 6.43e-001h  1
 407 3.9677099e+002 5.10e-005 1.99e-001  -8.1 3.59e-002    -  1.00e+000 3.32e-001h  1
 408 3.9670361e+002 2.95e-004 1.13e-001  -7.4 1.39e-001    -  9.72e-001 2.85e-001h  1
 409 3.9665803e+002 1.16e-003 8.72e-002  -7.4 5.81e-001    -  5.70e-001 1.64e-001h  1
iter    objective    inf_pr   inf_du lg(mu)  ||d||  lg(rg) alpha_du alpha_pr  ls
 410 3.9659369e+002 1.41e-003 9.60e-002  -8.4 2.61e-001    -  8.71e-001 3.01e-001h  1
 411 3.9655781e+002 1.48e-003 1.52e-001  -7.4 5.13e-001    -  4.25e-001 1.60e-001h  1
 412 3.9653840e+002 1.45e-003 7.97e-001  -7.4 6.89e-001    -  4.78e-001 1.12e-001h  1
 413 3.9649469e+002 1.80e-003 5.05e-001  -7.9 5.19e-001    -  1.00e+000 3.63e-001h  1
 414 3.9647418e+002 1.88e-003 3.60e-001  -7.5 6.51e-001    -  8.61e-001 2.96e-001h  1
 415 3.9647090e+002 2.18e-003 2.60e-001  -7.3 9.49e-001    -  8.40e-001 2.25e-001h  1
 416 3.9644354e+002 2.58e-003 1.49e-001  -7.5 5.80e-001    -  7.17e-001 4.70e-001h  1
 417 3.9643081e+002 3.23e-003 9.82e-002  -8.1 7.46e-001    -  6.10e-001 3.36e-001h  1
 418 3.9639829e+002 2.89e-003 8.08e-002 -11.0 5.15e-001    -  2.94e-001 1.82e-001h  1
 419 3.9639328e+002 2.75e-003 1.36e-001  -7.8 5.19e-002    -  6.21e-001 5.03e-002h  1
iter    objective    inf_pr   inf_du lg(mu)  ||d||  lg(rg) alpha_du alpha_pr  ls
 420 3.9636764e+002 1.28e-003 2.41e-001  -7.6 1.09e-001    -  1.00e+000 5.95e-001h  1
 421 3.9644260e+002 1.50e-004 7.72e-001  -7.2 7.55e-002    -  3.59e-001 1.00e+000h  1
 422 3.9637360e+002 2.64e-004 3.37e-001  -8.2 1.46e-001    -  1.00e+000 5.75e-001h  1
 423 3.9635120e+002 5.60e-004 1.89e-001  -8.2 2.67e-001    -  9.44e-001 4.00e-001h  1
 424 3.9633186e+002 5.43e-004 1.59e-001  -8.2 1.61e-001    -  1.00e+000 5.70e-001h  1
 425 3.9632194e+002 4.76e-004 8.61e-002  -8.2 1.69e-001    -  4.51e-001 1.95e-001h  1
 426 3.9633475e+002 6.65e-004 6.06e-002  -7.6 2.37e-001    -  5.77e-001 4.66e-001h  1
 427 3.9632506e+002 6.02e-004 4.75e-002  -7.9 2.24e-001    -  2.45e-001 1.80e-001h  1
 428 3.9631684e+002 1.36e-003 2.92e-002  -7.9 5.15e-001    -  3.66e-001 3.09e-001f  1
 429 3.9630078e+002 1.32e-003 4.99e-002 -11.0 3.83e-001    -  3.59e-001 2.13e-001h  1
iter    objective    inf_pr   inf_du lg(mu)  ||d||  lg(rg) alpha_du alpha_pr  ls
 430 3.9628482e+002 1.49e-003 6.60e-002  -8.4 5.51e-001    -  5.16e-001 1.95e-001h  1
 431 3.9630149e+002 3.89e-003 1.68e-001  -6.9 2.17e+000    -  7.12e-002 1.23e-001h  1
 432 3.9629370e+002 4.36e-003 1.58e-001  -7.9 2.00e+000    -  2.08e-001 6.92e-002h  2
 433 3.9627709e+002 5.70e-003 1.30e-001  -7.9 1.19e+000    -  2.57e-001 2.01e-001h  1
 434 3.9629595e+002 9.58e-003 1.06e-001  -6.6 6.09e+000    -  5.83e-002 5.22e-002f  1
 435 3.9627975e+002 1.20e-002 1.24e-001  -7.6 6.49e+000    -  1.25e-001 3.94e-002h  1
 436 3.9627400e+002 1.36e-002 1.39e-001  -7.6 1.65e+001    -  4.54e-002 1.20e-002h  2
 437 3.9627524e+002 1.51e-002 1.44e-001  -7.2 2.97e+000    -  2.85e-001 7.89e-002h  1
 438 3.9625818e+002 2.42e-002 1.55e-001  -7.5 3.26e+000    -  1.89e-001 1.51e-001h  1
 439 3.9636401e+002 9.01e-002 2.04e-001  -6.3 1.49e+001    -  6.30e-002 7.93e-002f  1
iter    objective    inf_pr   inf_du lg(mu)  ||d||  lg(rg) alpha_du alpha_pr  ls
 440 3.9634534e+002 9.46e-002 2.26e-001  -7.3 1.42e+001    -  1.14e-001 2.65e-002h  1
 441 3.9633029e+002 9.76e-002 3.06e-001  -7.3 8.38e+000    -  3.51e-001 4.63e-002f  2
 442 3.9631182e+002 1.09e-001 6.27e-001  -7.3 6.42e+000    -  5.05e-001 1.05e-001h  1
 443 3.9630440e+002 1.20e-001 6.31e-001  -7.3 1.10e+001    -  9.05e-002 5.18e-002h  3
 444 3.9629170e+002 1.21e-001 5.58e-001  -7.3 4.90e+000    -  1.29e-001 1.07e-001h  2
 445 3.9630075e+002 1.13e-001 4.86e-001  -7.3 2.65e+000    -  3.86e-001 1.69e-001h  2
 446 3.9658593e+002 3.70e-002 1.69e-001  -7.3 5.45e-001    -  6.41e-001 6.79e-001h  1
 447 3.9620347e+002 1.12e-002 4.34e-002  -7.3 4.48e-001    -  3.63e-001 1.00e+000f  1
 448 3.9642742e+002 2.45e-003 5.49e-002  -7.3 3.10e-001    -  1.00e+000 9.00e-001h  1
 449 3.9615460e+002 3.09e-003 7.54e-003  -7.4 2.51e-001    -  1.00e+000 1.00e+000h  1
iter    objective    inf_pr   inf_du lg(mu)  ||d||  lg(rg) alpha_du alpha_pr  ls
 450 3.9612748e+002 4.97e-004 1.43e-002  -7.6 8.99e-002    -  1.00e+000 9.63e-001h  1
 451 3.9608687e+002 1.66e-005 9.89e-003  -7.8 5.29e-002    -  1.00e+000 1.00e+000h  1
 452 3.9607157e+002 2.31e-005 1.53e-002  -7.9 7.04e-002    -  1.00e+000 7.73e-001h  1
 453 3.9605243e+002 1.21e-004 2.08e-002  -8.2 6.58e-002    -  1.00e+000 6.79e-001h  1
 454 3.9604346e+002 4.52e-004 2.48e-001  -8.0 4.49e-001    -  4.52e-001 1.68e-001h  1
 455 3.9605214e+002 1.07e-003 2.64e-001  -7.5 3.68e-001    -  2.00e-001 2.86e-001h  1
 456 3.9604034e+002 1.89e-003 1.76e-001  -8.0 3.62e-001    -  3.40e-001 3.45e-001h  1
 457 3.9602548e+002 3.19e-003 1.26e-001 -11.0 1.23e+000    -  1.45e-001 1.25e-001h  1
 458 3.9601776e+002 3.70e-003 1.46e-001  -9.3 1.27e+000    -  2.06e-001 9.75e-002h  1
 459 3.9601333e+002 3.61e-003 2.39e-001 -11.0 8.35e-001    -  1.08e-001 4.96e-002h  1
iter    objective    inf_pr   inf_du lg(mu)  ||d||  lg(rg) alpha_du alpha_pr  ls
 460 3.9601346e+002 3.55e-003 3.91e-001  -7.6 8.11e-001    -  1.69e-001 9.24e-002h  2
 461 3.9601864e+002 1.84e-003 4.96e-001  -7.6 1.62e-001    -  3.55e-001 5.69e-001h  1
 462 3.9611836e+002 2.52e-003 5.71e-001  -6.8 6.94e-001    -  1.15e-001 3.25e-001h  1
 463 3.9606654e+002 3.83e-003 2.16e-001  -7.6 4.03e-001    -  1.00e+000 6.19e-001h  1
 464 3.9604745e+002 4.37e-003 1.89e-001  -7.6 9.64e-001    -  1.01e-001 1.57e-001f  2
 465 3.9603410e+002 4.76e-003 1.47e-001  -7.6 9.48e-001    -  4.71e-001 1.56e-001h  2
 466 3.9603481e+002 4.27e-003 1.85e-001  -7.6 5.34e-001    -  9.27e-001 1.88e-001h  1
 467 3.9602298e+002 8.82e-004 2.06e-002  -7.6 1.49e-001    -  1.00e+000 1.00e+000f  1
 468 3.9599183e+002 8.92e-005 1.22e-002  -7.9 9.09e-002    -  9.30e-001 9.46e-001h  1
 469 3.9598439e+002 1.20e-004 7.40e-002 -11.0 2.25e-001    -  4.98e-001 1.30e-001h  1
iter    objective    inf_pr   inf_du lg(mu)  ||d||  lg(rg) alpha_du alpha_pr  ls
 470 3.9597989e+002 4.20e-004 1.03e-001  -7.9 1.07e+000    -  3.34e-001 7.56e-002h  1
 471 3.9595797e+002 4.92e-003 7.38e-002  -8.4 6.90e-001    -  4.02e-001 4.73e-001h  1
 472 3.9594854e+002 6.61e-003 6.53e-002  -7.7 4.54e+000    -  1.94e-001 4.64e-002h  1
 473 3.9594676e+002 7.12e-003 1.19e-001  -7.7 2.66e+000    -  1.93e-001 5.14e-002h  2
 474 3.9594645e+002 4.53e-003 9.98e-002  -8.1 2.62e-001    -  4.97e-001 4.10e-001h  1
 475 3.9594032e+002 3.64e-003 5.94e-001  -8.0 3.43e-001    -  7.97e-001 3.19e-001h  1
 476 3.9593260e+002 4.49e-003 4.70e-001  -7.7 2.74e+000    -  1.26e-001 5.49e-002h  1
 477 3.9593801e+002 1.54e-002 2.85e-001  -7.4 8.91e+000    -  1.56e-001 5.38e-002h  1
 478 3.9593743e+002 1.54e-002 1.58e-001  -7.9 1.47e+000    -  1.76e-001 4.19e-003h  1
 479 3.9593184e+002 1.22e-002 9.91e-002  -7.9 2.17e-001    -  5.99e-001 2.14e-001f  3
iter    objective    inf_pr   inf_du lg(mu)  ||d||  lg(rg) alpha_du alpha_pr  ls
 480 3.9591543e+002 4.99e-004 1.79e-002  -8.0 8.56e-002    -  9.90e-001 1.00e+000h  1
 481 3.9594061e+002 4.60e-005 3.84e-002  -7.7 1.99e-002    -  9.16e-001 1.00e+000h  1
 482 3.9591263e+002 2.88e-005 7.98e-002  -8.2 1.83e-002    -  1.00e+000 6.94e-001h  1
 483 3.9590147e+002 1.79e-005 1.17e-001  -9.1 1.03e-002    -  1.00e+000 4.99e-001h  1
 484 3.9589387e+002 1.60e-004 1.12e-002  -8.3 4.33e-002    -  8.98e-001 9.05e-001h  1
 485 3.9589341e+002 2.21e-004 5.62e-002  -7.8 5.19e-001    -  2.93e-001 4.90e-002h  1
 486 3.9589349e+002 1.65e-003 2.47e-002  -8.1 3.61e-001    -  2.29e-001 3.57e-001h  1
 487 3.9589242e+002 1.66e-003 1.14e-001  -8.2 1.85e+000    -  4.79e-002 8.27e-003h  1
 488 3.9591439e+002 5.27e-003 1.43e-001  -6.8 2.85e+000    -  2.85e-002 7.55e-002f  1
 489 3.9590972e+002 9.79e-003 1.35e-001  -8.0 2.82e+000    -  3.45e-002 8.39e-002h  1
iter    objective    inf_pr   inf_du lg(mu)  ||d||  lg(rg) alpha_du alpha_pr  ls
 490 3.9590738e+002 1.06e-002 1.27e-001  -8.0 1.84e+000    -  1.99e-001 6.60e-002f  1
 491 3.9590193e+002 1.07e-002 1.16e-001  -8.0 1.14e+000    -  1.51e-001 8.33e-002f  2
 492 3.9590692e+002 1.08e-002 9.01e-002  -8.0 5.47e-001    -  1.46e-001 3.22e-001h  1
 493 3.9589633e+002 5.40e-003 3.55e-001  -8.0 1.99e-001    -  8.63e-002 5.00e-001f  1
 494 3.9587644e+002 1.70e-003 2.15e-001  -8.0 1.05e-001    -  3.26e-001 7.81e-001f  1
 495 3.9586543e+002 1.27e-003 1.42e-001  -9.1 9.62e-002    -  3.44e-001 3.32e-001h  1
 496 3.9586616e+002 8.59e-004 9.44e-003  -8.2 7.87e-002    -  1.00e+000 8.94e-001h  1
 497 3.9585872e+002 8.95e-004 4.76e-002  -9.7 1.73e-001    -  3.30e-001 2.21e-001h  1
 498 3.9585484e+002 1.14e-003 1.26e-001  -8.1 4.11e-001    -  2.66e-001 1.06e-001h  1
 499 3.9586191e+002 9.82e-004 8.20e-002  -8.4 2.22e-001    -  7.85e-001 5.12e-001H  1
iter    objective    inf_pr   inf_du lg(mu)  ||d||  lg(rg) alpha_du alpha_pr  ls
 500 3.9585094e+002 5.57e-004 5.12e-002  -8.5 7.62e-002    -  1.00e+000 6.86e-001h  1
 501 3.9584481e+002 4.05e-004 1.62e-002  -8.2 5.73e-002    -  6.27e-001 3.73e-001f  1
 502 3.9584345e+002 5.77e-004 6.09e-003  -8.3 5.96e-002    -  1.00e+000 9.96e-001h  1
 503 3.9585315e+002 2.18e-003 6.47e-002  -7.8 2.14e-001    -  3.03e-001 4.96e-001h  1
 504 3.9585051e+002 3.88e-003 3.84e-002  -8.2 4.89e-001    -  5.41e-001 2.24e-001h  1
 505 3.9584542e+002 4.47e-003 4.86e-002  -8.2 8.59e-001    -  3.15e-001 8.32e-002f  1
 506 3.9584414e+002 4.57e-003 1.05e-001  -8.2 6.06e-001    -  3.15e-001 9.89e-002f  3
 507 3.9583982e+002 4.37e-003 5.63e-002  -8.2 3.41e-001    -  1.00e+000 1.63e-001h  3
 508 3.9584039e+002 6.58e-003 1.31e-001  -7.7 8.87e-001    -  5.13e-001 1.47e-001h  2
 509 3.9583638e+002 8.96e-003 1.17e-001  -8.0 1.57e+000    -  7.80e-002 8.36e-002h  2
iter    objective    inf_pr   inf_du lg(mu)  ||d||  lg(rg) alpha_du alpha_pr  ls
 510 3.9584116e+002 1.80e-002 1.14e-001  -7.6 1.68e+000    -  2.95e-001 1.48e-001h  2
 511 3.9583643e+002 2.83e-002 1.49e-001  -7.9 3.97e+000    -  1.36e-001 6.37e-002h  1
 512 3.9583597e+002 3.07e-002 1.66e-001  -7.9 3.53e+000    -  2.12e-001 3.22e-002f  2
 513 3.9582862e+002 3.62e-002 1.87e-001  -7.9 1.32e+000    -  1.11e-001 1.52e-001h  1
 514 3.9582665e+002 3.62e-002 1.90e-001 -11.0 4.48e+000    -  7.19e-002 3.72e-003h  1
 515 3.9582306e+002 5.51e-002 2.40e-001  -7.6 1.77e+001    -  5.08e-003 4.20e-002h  1
 516 3.9581996e+002 6.55e-002 2.82e-001  -8.1 1.02e+001    -  7.86e-002 1.93e-002h  2
 517 3.9581243e+002 7.76e-002 3.20e-001  -8.1 3.12e+000    -  1.52e-001 7.37e-002h  1
 518 3.9584848e+002 1.16e-001 3.89e-001  -6.7 8.10e+000    -  3.88e-002 7.66e-002h  1
 519 3.9583845e+002 1.18e-001 4.11e-001  -7.8 5.14e+000    -  1.33e-001 2.28e-002h  1
iter    objective    inf_pr   inf_du lg(mu)  ||d||  lg(rg) alpha_du alpha_pr  ls
 520 3.9583184e+002 1.27e-001 4.49e-001  -7.8 8.03e+000    -  7.48e-002 2.29e-002f  3
 521 3.9581990e+002 1.27e-001 4.63e-001  -7.8 2.90e+000    -  2.13e-001 4.58e-002h  3
 522 3.9581080e+002 1.28e-001 4.73e-001  -7.8 2.21e+000    -  2.14e-001 7.99e-002h  3
 523 3.9580488e+002 1.27e-001 4.75e-001  -7.5 2.07e+000    -  2.91e-001 6.83e-002h  3
 524 3.9584750e+002 1.19e-001 4.22e-001  -7.1 2.18e+000    -  2.18e-001 2.24e-001h  2
 525 3.9585231e+002 9.70e-002 3.46e-001  -7.6 1.47e+000    -  5.03e-001 1.88e-001h  1
 526 3.9578320e+002 1.59e-002 9.49e-002  -7.6 1.61e-001    -  1.00e+000 8.37e-001f  1
 527 3.9580361e+002 1.15e-003 1.44e-001  -7.3 2.04e-001    -  5.99e-001 1.00e+000f  1
 528 3.9580192e+002 9.73e-004 3.89e-002  -7.4 9.28e-002    -  1.00e+000 8.30e-001h  1
 529 3.9575354e+002 4.97e-004 6.09e-002  -8.0 1.09e-001    -  1.00e+000 6.00e-001h  1
iter    objective    inf_pr   inf_du lg(mu)  ||d||  lg(rg) alpha_du alpha_pr  ls
 530 3.9573904e+002 3.86e-004 2.01e-001  -8.0 8.66e-002    -  7.89e-001 3.74e-001h  1
 531 3.9572335e+002 3.24e-004 5.71e-002  -8.0 7.11e-002    -  5.76e-001 6.55e-001h  1
 532 3.9571179e+002 5.51e-004 3.30e-002  -8.4 9.21e-002    -  1.00e+000 5.95e-001h  1
 533 3.9571793e+002 5.70e-004 1.29e-002  -8.0 9.29e-002    -  1.00e+000 1.00e+000h  1
 534 3.9570273e+002 3.50e-004 1.41e-002  -8.2 8.23e-002    -  1.00e+000 8.09e-001h  1
 535 3.9569521e+002 2.56e-004 1.94e-002  -8.3 5.49e-002    -  1.00e+000 7.54e-001h  1
 536 3.9569509e+002 1.89e-004 5.40e-002  -8.1 4.73e-002    -  9.53e-001 4.16e-001h  1
 537 3.9569649e+002 1.15e-003 8.50e-003  -8.1 1.03e-001    -  5.32e-001 1.00e+000h  1
 538 3.9569460e+002 1.28e-003 1.99e-002  -8.2 4.18e-001    -  8.14e-001 1.14e-001h  2
 539 3.9569044e+002 1.39e-003 1.07e-001  -8.7 3.04e-001    -  1.00e+000 1.76e-001h  1
iter    objective    inf_pr   inf_du lg(mu)  ||d||  lg(rg) alpha_du alpha_pr  ls
 540 3.9571728e+002 3.04e-003 2.15e-001  -7.2 5.57e-001    -  1.06e-001 2.27e-001h  1
 541 3.9571199e+002 3.56e-003 1.49e-001  -8.1 6.95e-001    -  2.37e-001 1.21e-001h  1
 542 3.9570695e+002 4.33e-003 9.80e-002  -8.1 8.36e-001    -  5.44e-001 1.16e-001f  3
 543 3.9570534e+002 8.01e-003 1.34e-001  -8.1 1.49e+000    -  2.30e-001 1.23e-001h  2
 544 3.9569935e+002 1.78e-002 2.66e-001  -8.1 2.11e+000    -  3.33e-001 1.36e-001h  1
 545 3.9569829e+002 1.91e-002 2.65e-001  -8.1 3.92e+000    -  1.12e-001 2.72e-002h  2
 546 3.9569119e+002 1.60e-002 1.81e-001  -8.1 3.06e-001    -  5.92e-001 2.52e-001h  2
 547 3.9568361e+002 1.56e-002 1.26e-001  -8.1 4.16e-001    -  2.98e-001 3.03e-001h  1
 548 3.9567907e+002 1.41e-002 1.06e-001 -11.0 5.27e-001    -  1.98e-001 1.62e-001h  1
 549 3.9567903e+002 3.23e-003 5.48e-002  -8.2 1.06e-001    -  1.00e+000 8.08e-001h  1
iter    objective    inf_pr   inf_du lg(mu)  ||d||  lg(rg) alpha_du alpha_pr  ls
 550 3.9566519e+002 5.44e-003 5.38e-002  -8.2 1.44e-001    -  8.49e-001 1.00e+000h  1
 551 3.9568758e+002 2.94e-003 5.47e-002  -7.9 2.15e-001    -  2.71e-001 4.94e-001h  1
 552 3.9565240e+002 8.55e-004 2.14e-002  -8.2 9.98e-002    -  8.35e-001 1.00e+000h  1
 553 3.9564593e+002 7.40e-004 3.65e-002  -8.3 1.22e-001    -  1.00e+000 2.00e-001h  1
 554 3.9563638e+002 1.43e-003 2.53e-002  -8.4 8.08e-002    -  1.00e+000 9.92e-001h  1
 555 3.9563267e+002 1.67e-003 3.95e-002 -11.0 6.73e-001    -  8.98e-002 4.56e-002h  1
 556 3.9562707e+002 9.47e-003 1.06e-001  -9.5 1.69e+000    -  8.76e-002 8.34e-002h  1
 557 3.9562101e+002 1.11e-002 1.40e-001 -10.5 2.38e+000    -  6.09e-002 2.83e-002h  1
 558 3.9561558e+002 1.19e-002 1.64e-001 -11.0 3.66e+000    -  1.21e-002 1.31e-002h  1
 559 3.9560104e+002 2.23e-002 2.43e-001  -8.2 2.50e+001    -  1.31e-002 6.53e-003h  1
iter    objective    inf_pr   inf_du lg(mu)  ||d||  lg(rg) alpha_du alpha_pr  ls
 560 3.9558637e+002 3.01e-002 3.03e-001 -11.0 6.58e+001    -  4.87e-003 2.20e-003h  1
 561 3.9558169e+002 3.01e-002 3.14e-001  -8.3 1.74e+000  -5.7 5.57e-002 7.72e-003h  3
 562 3.9555419e+002 4.60e-002 3.35e-001  -8.5 1.27e+000    -  4.94e-002 1.97e-001h  1
 563 3.9554376e+002 4.67e-002 3.46e-001  -8.0 8.90e+000    -  2.67e-002 7.35e-003h  1
 564 3.9554354e+002 4.66e-002 3.46e-001 -10.4 6.32e-001    -  7.81e-002 1.91e-003h  1
 565 3.9553533e+002 4.92e-002 3.61e-001  -7.6 6.49e+000    -  2.54e-002 1.69e-002h  1
 566 3.9552831e+002 5.83e-002 3.79e-001  -7.8 9.32e+000    -  5.59e-002 2.12e-002h  1
 567 3.9552043e+002 5.84e-002 5.30e-001  -7.9 4.37e+000    -  8.23e-002 1.47e-002h  1
 568 3.9551913e+002 5.80e-002 3.75e-001  -7.8 1.41e+000    -  8.85e-002 5.94e-003h  1
 569 3.9550349e+002 5.97e-002 3.27e-001  -8.0 1.56e+000    -  1.41e-001 1.33e-001h  1
iter    objective    inf_pr   inf_du lg(mu)  ||d||  lg(rg) alpha_du alpha_pr  ls
 570 3.9549644e+002 8.75e-002 3.23e-001  -7.2 1.06e+001    -  8.00e-002 3.51e-002h  1
 571 3.9549164e+002 8.71e-002 3.22e-001 -11.0 3.90e+000    -  4.84e-002 5.39e-003h  1
 572 3.9546829e+002 1.26e-001 3.07e-001  -7.4 2.11e+000    -  4.88e-002 2.38e-001h  1
 573 3.9542625e+002 1.44e-001 3.69e-001  -7.2 3.42e+001    -  2.23e-002 8.02e-003h  1
 574 3.9534771e+002 2.74e-001 5.36e-001  -7.1 5.63e+001    -  2.53e-002 1.30e-002h  1
 575 3.9532591e+002 2.82e-001 5.89e-001  -7.6 3.42e+001    -  3.27e-002 5.71e-003h  1
 576 3.9531627e+002 4.37e-001 7.48e-001  -6.9 8.02e+001    -  5.00e-002 9.80e-003h  2
 577 3.9702714e+002 3.95e-001 6.01e-001  -7.7 3.84e+000  -6.2 1.41e-001 1.80e-001H  1
 578 3.9581973e+002 2.42e-001 4.80e-001  -7.8 6.92e-001    -  2.47e-001 4.14e-001h  1
 579 3.9528550e+002 1.02e-001 2.15e-001  -7.8 2.97e-001    -  5.29e-001 6.01e-001f  1
iter    objective    inf_pr   inf_du lg(mu)  ||d||  lg(rg) alpha_du alpha_pr  ls
 580 3.9531611e+002 1.33e-001 6.19e-001  -7.2 6.81e-001    -  3.31e-001 1.00e+000f  1
 581 3.9638210e+002 7.37e-002 2.28e-001  -7.5 4.65e-001    -  4.19e-001 5.97e-001h  1
 582 3.9517786e+002 9.78e-002 1.02e-001  -7.5 4.77e-001    -  2.84e-001 1.00e+000f  1
 583 3.9517412e+002 4.97e-003 4.48e-002  -7.7 1.72e-001    -  1.00e+000 1.00e+000h  1
 584 3.9515270e+002 3.40e-003 8.27e-002  -7.7 1.95e-001    -  8.33e-001 3.55e-001h  1
 585 3.9538890e+002 6.71e-004 1.92e-001  -7.2 3.35e-001    -  3.87e-001 1.00e+000H  1
 586 3.9523139e+002 2.28e-002 1.32e-001  -7.7 3.84e-001    -  1.00e+000 6.37e-001h  1
 587 3.9523156e+002 1.56e-002 1.44e-001  -7.8 3.65e-001    -  5.72e-001 3.20e-001h  1
 588 3.9511403e+002 9.10e-003 1.95e-002  -7.8 1.95e-001    -  1.00e+000 9.33e-001f  1
 589 3.9510761e+002 5.56e-003 2.37e-002  -7.8 1.86e-001    -  9.64e-001 4.67e-001f  1
iter    objective    inf_pr   inf_du lg(mu)  ||d||  lg(rg) alpha_du alpha_pr  ls
 590 3.9508396e+002 3.85e-003 4.60e-002  -8.4 2.62e-001    -  8.68e-001 5.28e-001h  1
 591 3.9508252e+002 5.95e-003 4.30e-002  -8.8 4.30e-001    -  5.28e-001 3.57e-001h  1
 592 3.9507688e+002 5.72e-003 3.99e-002 -11.0 3.97e-001    -  3.07e-001 6.45e-002h  1
 593 3.9506738e+002 6.28e-003 3.99e-002  -8.1 1.01e+000    -  2.79e-001 6.56e-002h  1
 594 3.9506352e+002 1.67e-002 5.60e-002  -7.8 6.60e-001    -  1.35e-001 2.33e-001h  1
 595 3.9505882e+002 1.73e-002 2.24e-001  -7.6 9.98e-001    -  2.68e-001 6.51e-002h  1
 596 3.9505646e+002 1.71e-002 5.47e-001 -11.0 7.70e-001    -  2.19e-001 1.71e-002h  1
 597 3.9505277e+002 2.02e-002 6.20e-001  -7.8 1.25e+000    -  7.28e-001 1.30e-001h  2
 598 3.9504803e+002 2.08e-002 7.20e-001  -7.9 2.03e+000    -  2.11e-001 3.17e-002h  1
 599 3.9504402e+002 6.50e-002 7.03e-001 -11.0 1.17e+001    -  4.29e-002 3.66e-002h  2
iter    objective    inf_pr   inf_du lg(mu)  ||d||  lg(rg) alpha_du alpha_pr  ls
 600 3.9503564e+002 7.31e-002 6.74e-001 -11.0 6.17e+000    -  7.89e-002 3.94e-002h  2
 601 3.9502779e+002 8.22e-002 6.49e-001  -9.0 7.61e+000    -  1.52e-001 3.01e-002h  1
 602 3.9502529e+002 8.17e-002 6.28e-001 -11.0 4.14e+000    -  3.12e-002 5.71e-003h  1
 603 3.9501948e+002 7.88e-002 5.80e-001  -9.3 1.58e+000    -  5.38e-002 3.95e-002h  1
 604 3.9501811e+002 7.84e-002 3.55e-001  -9.3 2.43e+000    -  9.29e-002 5.74e-003h  1
 605 3.9501102e+002 7.76e-002 2.14e-001  -8.1 2.04e+000    -  3.43e-001 1.39e-001h  1
 606 3.9500094e+002 7.57e-002 2.15e-001  -8.1 2.42e+000    -  1.38e-001 8.40e-002h  2
 607 3.9499260e+002 7.98e-002 2.81e-001  -7.7 4.73e+000    -  3.24e-001 6.04e-002h  1
 608 3.9499281e+002 9.56e-002 3.29e-001  -7.3 1.62e+001    -  7.93e-002 2.60e-002h  2
 609 3.9498697e+002 1.09e-001 3.03e-001  -7.9 7.39e+000    -  7.63e-002 5.85e-002h  1
iter    objective    inf_pr   inf_du lg(mu)  ||d||  lg(rg) alpha_du alpha_pr  ls
 610 3.9498148e+002 1.07e-001 2.87e-001 -11.0 2.68e+000  -6.6 3.65e-002 3.02e-002h  1
 611 3.9497544e+002 7.56e-002 2.12e-001  -8.9 7.14e-001    -  5.71e-001 3.43e-001h  1
 612 3.9505658e+002 5.92e-002 2.65e-001  -7.6 8.86e-001    -  2.89e-001 6.42e-001h  1
 613 3.9511234e+002 4.06e-003 5.68e-002  -8.0 2.26e-001    -  8.99e-001 9.91e-001h  1
 614 3.9501104e+002 7.74e-003 2.56e-002  -7.8 5.40e-001    -  7.26e-001 4.32e-001f  1
 615 3.9533357e+002 1.02e-003 6.12e-002  -7.8 3.66e-001    -  7.30e-001 1.00e+000h  1
 616 3.9498997e+002 8.82e-004 4.57e-003  -7.6 2.25e-001    -  9.77e-001 1.00e+000h  1
 617 3.9497269e+002 3.11e-004 4.15e-002  -7.9 4.68e-002    -  1.00e+000 8.03e-001h  1
 618 3.9495613e+002 1.36e-003 4.02e-002  -8.5 2.61e-001    -  7.08e-001 4.63e-001h  1
 619 3.9495774e+002 9.30e-003 3.57e-002  -7.7 1.37e+000    -  3.93e-001 2.44e-001h  1
iter    objective    inf_pr   inf_du lg(mu)  ||d||  lg(rg) alpha_du alpha_pr  ls
 620 3.9495076e+002 3.10e-002 7.81e-002  -8.0 7.43e+000    -  8.06e-002 7.35e-002h  1
 621 3.9496800e+002 7.11e-002 1.39e-001  -7.1 1.60e+001    -  1.18e-001 4.70e-002f  1
 622 3.9496203e+002 7.19e-002 1.57e-001  -7.8 5.25e+000    -  6.18e-002 4.60e-002h  1
 623 3.9495693e+002 7.32e-002 1.73e-001  -7.8 1.66e+001    -  5.71e-002 1.05e-002f  1
 624 3.9495506e+002 7.95e-002 2.04e-001  -7.8 9.34e+000    -  7.10e-002 3.95e-002f  3
 625 3.9495093e+002 9.46e-002 2.47e-001  -7.8 6.36e+000    -  1.26e-001 9.16e-002h  2
 626 3.9494696e+002 9.06e-002 2.57e-001  -7.8 2.99e+000    -  7.83e-002 5.84e-002h  2
 627 3.9499294e+002 3.53e-002 5.42e-002  -7.5 5.84e-001    -  6.33e-001 8.41e-001h  1
 628 3.9542465e+002 1.72e-002 1.08e-001  -7.6 1.15e+000    -  1.93e-001 8.46e-001H  1
 629 3.9496910e+002 6.95e-002 2.35e-002  -7.6 1.13e+000    -  1.00e+000 8.54e-001f  1
iter    objective    inf_pr   inf_du lg(mu)  ||d||  lg(rg) alpha_du alpha_pr  ls
 630 3.9494791e+002 6.25e-002 1.98e-002  -7.6 9.24e-001    -  2.70e-001 1.11e-001f  3
 631 3.9493345e+002 1.26e-002 2.24e-002  -7.8 4.46e-001    -  1.00e+000 1.00e+000h  1
 632 3.9493971e+002 1.24e-002 3.96e-001  -7.4 1.20e+000    -  1.00e+000 1.19e-001h  3
 633 3.9494074e+002 9.70e-004 1.69e-002  -7.7 1.15e-001    -  1.00e+000 1.00e+000h  1
 634 3.9490959e+002 2.34e-003 5.92e-002  -8.5 2.50e-001    -  1.00e+000 7.22e-001h  1
 635 3.9494250e+002 3.42e-004 1.64e-002  -7.9 2.04e-001    -  1.00e+000 9.30e-001H  1
 636 3.9490231e+002 7.04e-005 1.16e-002  -8.2 9.71e-002    -  1.00e+000 1.00e+000h  1
 637 3.9489315e+002 5.51e-005 1.74e-002  -8.6 3.18e-002    -  1.00e+000 6.75e-001h  1
 638 3.9488816e+002 2.27e-005 2.14e-002  -9.3 1.30e-002    -  1.00e+000 6.00e-001h  1
 639 3.9488671e+002 2.40e-005 4.54e-001 -10.1 5.33e-002    -  1.00e+000 1.81e-001h  1
iter    objective    inf_pr   inf_du lg(mu)  ||d||  lg(rg) alpha_du alpha_pr  ls
 640 3.9488556e+002 2.12e-004 1.77e-001  -8.6 4.57e-001    -  4.09e-001 1.14e-001h  1
 641 3.9488423e+002 4.58e-004 1.50e-001  -8.9 1.20e+000    -  2.52e-001 5.11e-002h  1
 642 3.9488138e+002 3.08e-003 1.08e-001  -8.7 3.45e+000    -  2.76e-001 5.73e-002h  1
 643 3.9487964e+002 9.32e-003 1.20e-001  -8.2 8.18e+000    -  8.51e-002 3.71e-002h  1
 644 3.9487862e+002 1.18e-002 1.11e-001  -8.2 3.97e+000  -7.1 2.22e-001 4.85e-002h  2
 645 3.9487669e+002 1.56e-002 1.36e-001  -7.4 7.61e+000    -  2.67e-002 3.15e-002h  1
 646 3.9488368e+002 5.54e-002 2.33e-001  -7.2 2.22e+001  -7.6 3.83e-002 3.19e-002h  1
 647 3.9488175e+002 5.62e-002 2.50e-001  -8.3 9.59e+000    -  3.02e-002 1.50e-002h  1
 648 3.9487920e+002 5.90e-002 2.77e-001  -8.3 6.58e+000    -  9.70e-003 3.68e-002f  2
 649 3.9487607e+002 6.29e-002 3.07e-001  -8.3 9.03e+000    -  8.49e-002 2.92e-002h  1
iter    objective    inf_pr   inf_du lg(mu)  ||d||  lg(rg) alpha_du alpha_pr  ls
 650 3.9487052e+002 6.86e-002 3.41e-001  -8.3 9.14e+000  -8.1 9.80e-002 3.19e-002h  1
 651 3.9486996e+002 7.19e-002 3.65e-001  -7.9 5.64e+000    -  1.22e-001 4.30e-002f  2
 652 3.9490448e+002 7.02e-002 3.67e-001  -8.3 2.10e+000    -  3.08e-001 1.79e-001H  1
 653 3.9488640e+002 6.20e-002 2.29e-001  -8.3 1.32e+000    -  1.31e-001 2.69e-001f  1
 654 3.9488538e+002 6.20e-002 2.29e-001  -8.3 1.22e+000    -  1.42e-001 1.32e-003h  1
 655 3.9487338e+002 4.68e-002 1.75e-001  -8.3 2.22e-001    -  3.31e-001 2.48e-001f  1
 656 3.9486831e+002 3.06e-002 9.56e-002  -8.3 3.37e-001    -  6.62e-001 3.71e-001f  2
 657 3.9487001e+002 1.27e-003 1.53e-002  -8.4 8.78e-002    -  1.00e+000 1.00e+000h  1
 658 3.9485656e+002 7.94e-006 9.72e-003  -8.5 1.61e-002    -  1.00e+000 1.00e+000h  1
 659 3.9485181e+002 4.25e-006 3.12e-002  -9.0 9.03e-003    -  1.00e+000 4.79e-001h  1
iter    objective    inf_pr   inf_du lg(mu)  ||d||  lg(rg) alpha_du alpha_pr  ls
 660 3.9485015e+002 3.39e-006 4.34e-002  -9.8 5.80e-003    -  1.00e+000 2.71e-001h  1
 661 3.9484844e+002 3.62e-006 3.13e-002 -10.7 8.84e-003    -  1.00e+000 3.38e-001h  1
 662 3.9484739e+002 6.36e-006 1.56e-002  -9.5 1.54e-002    -  8.75e-001 3.52e-001h  1
 663 3.9484699e+002 1.17e-005 3.04e-002  -9.3 5.09e-002    -  8.69e-001 1.18e-001h  1
 664 3.9484662e+002 5.04e-005 2.27e-002  -8.7 8.59e-002    -  1.49e-001 1.86e-001h  1
 665 3.9484623e+002 6.39e-005 2.39e-002 -10.5 3.40e-001    -  7.95e-002 3.06e-002h  1
 666 3.9484554e+002 1.28e-004 3.68e-002  -8.9 1.04e-001    -  6.02e-001 2.22e-001h  1
 667 3.9484832e+002 8.77e-004 3.41e-002  -7.6 1.18e+000    -  4.79e-002 6.17e-002h  1
 668 3.9484804e+002 1.07e-003 3.60e-002  -8.8 3.28e-001    -  3.07e-001 1.45e-001h  2
 669 3.9484602e+002 1.42e-003 2.54e-002  -8.8 1.96e-001    -  4.77e-001 3.52e-001h  1
iter    objective    inf_pr   inf_du lg(mu)  ||d||  lg(rg) alpha_du alpha_pr  ls
 670 3.9484494e+002 1.46e-003 2.90e-002  -8.8 3.85e-001    -  1.76e-001 9.26e-002f  2
 671 3.9484333e+002 1.19e-003 4.06e-002  -9.0 1.25e-001    -  6.51e-001 3.24e-001h  1
 672 3.9484459e+002 4.16e-004 1.41e-002  -8.9 6.59e-002    -  5.10e-001 8.14e-001h  1
 673 3.9484279e+002 4.48e-005 2.09e-002  -8.6 1.95e-002    -  4.29e-001 1.00e+000h  1
 674 3.9484105e+002 1.02e-004 4.39e-002  -9.0 5.91e-002    -  1.00e+000 3.87e-001h  1
 675 3.9484126e+002 1.67e-003 3.90e-002  -8.6 3.64e-001    -  6.90e-001 3.03e-001h  1
 676 3.9484051e+002 2.35e-003 1.97e-001  -8.8 1.89e+000    -  1.79e-001 4.07e-002h  1
 677 3.9483992e+002 2.50e-003 8.15e-001 -11.0 2.94e+000    -  1.10e-001 1.30e-002h  1
 678 3.9483929e+002 3.73e-003 8.99e-001  -8.9 3.31e+000    -  1.45e-001 3.20e-002h  2
 679 3.9483882e+002 3.80e-003 8.64e-001  -8.9 1.01e+000    -  1.51e-001 4.66e-002h  3
iter    objective    inf_pr   inf_du lg(mu)  ||d||  lg(rg) alpha_du alpha_pr  ls
 680 3.9483821e+002 4.12e-003 7.94e-001  -8.9 8.99e-001    -  7.94e-002 7.96e-002h  3
 681 3.9483898e+002 4.80e-003 6.27e-001  -8.1 7.26e-001    -  1.71e-001 1.46e-001h  1
 682 3.9483750e+002 5.68e-003 5.88e-001  -8.7 1.73e+000    -  5.84e-002 5.79e-002h  1
 683 3.9483675e+002 9.36e-003 3.44e-001  -8.7 1.36e+000    -  2.63e-001 1.46e-001f  1
 684 3.9483629e+002 9.87e-003 3.25e-001  -8.6 1.90e+000    -  1.74e-001 4.90e-002f  2
 685 3.9483509e+002 1.15e-002 3.89e-001  -8.7 1.27e+000    -  4.45e-001 1.27e-001h  1
 686 3.9483404e+002 1.14e-002 4.31e-001  -8.9 1.33e+000    -  2.24e-001 4.22e-002h  3
 687 3.9483502e+002 8.52e-003 6.01e-001  -8.4 3.22e-001    -  6.64e-001 3.72e-001h  1
 688 3.9484357e+002 4.87e-003 6.70e-001  -8.5 2.60e-001    -  2.67e-001 6.22e-001h  1
 689 3.9484016e+002 4.34e-003 6.16e-001  -8.6 6.38e-002    -  3.12e-001 1.09e-001h  1
iter    objective    inf_pr   inf_du lg(mu)  ||d||  lg(rg) alpha_du alpha_pr  ls
 690 3.9483786e+002 3.90e-003 5.54e-001  -8.6 1.38e-001    -  2.56e-001 1.02e-001f  1
 691 3.9483286e+002 2.27e-003 3.19e-001  -8.6 1.65e-001    -  5.77e-002 4.32e-001f  1
 692 3.9484771e+002 4.67e-004 7.86e-002  -8.0 9.98e-002    -  3.26e-001 1.00e+000f  1
 693 3.9483348e+002 2.56e-005 3.77e-003  -8.4 4.73e-002    -  1.00e+000 1.00e+000h  1
 694 3.9482997e+002 4.81e-006 2.75e-003  -8.5 1.85e-002    -  1.00e+000 9.60e-001h  1
 695 3.9482596e+002 2.21e-006 2.04e-002  -9.3 1.14e-002    -  1.00e+000 6.88e-001h  1
 696 3.9482407e+002 4.20e-006 2.16e-002 -10.0 2.30e-002    -  1.00e+000 4.80e-001h  1
 697 3.9482338e+002 7.79e-006 4.87e-002 -10.3 4.57e-002    -  1.00e+000 2.39e-001h  1
 698 3.9482295e+002 1.31e-005 4.92e-002 -11.0 8.68e-002    -  6.14e-001 1.37e-001h  1
 699 3.9482281e+002 1.37e-005 6.67e-002  -9.2 9.48e-002    -  6.03e-001 4.62e-002h  1
iter    objective    inf_pr   inf_du lg(mu)  ||d||  lg(rg) alpha_du alpha_pr  ls
 700 3.9482233e+002 3.38e-005 6.93e-002  -9.5 3.52e-001    -  1.54e-001 5.06e-002h  1
 701 3.9482231e+002 3.38e-005 8.67e-002 -11.0 4.95e-001    -  1.92e-001 9.28e-004h  1
 702 3.9482140e+002 4.30e-004 6.10e-002  -9.6 3.60e-001    -  8.40e-002 1.90e-001h  1
 703 3.9482080e+002 5.11e-004 9.79e-002  -8.7 1.52e+000    -  1.73e-001 2.12e-002f  1
 704 3.9482012e+002 6.44e-004 6.30e-001  -9.0 1.05e+000    -  1.86e-001 3.53e-002h  1
 705 3.9481947e+002 7.36e-004 6.03e-001  -9.3 9.16e-001    -  1.47e-002 3.15e-002h  1
 706 3.9481940e+002 8.70e-004 5.58e-001  -9.3 5.14e-001    -  1.29e-001 6.18e-002f  3
 707 3.9481901e+002 9.13e-004 4.02e-001  -9.3 1.47e-001    -  2.54e-001 2.79e-001h  1
 708 3.9481847e+002 1.06e-003 3.65e-001  -9.2 4.44e-001    -  3.62e-001 8.10e-002f  2
 709 3.9481813e+002 1.78e-003 3.28e-001  -9.3 6.81e-001    -  1.75e-001 1.05e-001h  2
iter    objective    inf_pr   inf_du lg(mu)  ||d||  lg(rg) alpha_du alpha_pr  ls
 710 3.9481792e+002 1.91e-003 2.84e-001  -8.7 5.26e-001    -  2.67e-001 7.62e-002h  2
 711 3.9481893e+002 1.50e-003 1.98e-001  -9.1 1.88e-001    -  3.75e-001 2.97e-001h  1
 712 3.9481782e+002 6.93e-004 6.34e-002  -9.1 6.02e-002    -  3.39e-001 6.18e-001f  1
 713 3.9481744e+002 5.42e-004 3.89e-002  -9.1 6.88e-002    -  3.71e-001 5.79e-001f  1
 714 3.9481801e+002 2.21e-004 3.80e-002  -9.1 5.38e-002    -  6.10e-001 8.02e-001h  1
 715 3.9481591e+002 5.54e-005 8.13e-003  -9.1 1.79e-002    -  9.69e-001 1.00e+000h  1
 716 3.9481544e+002 8.59e-005 5.28e-003  -9.1 2.89e-002    -  9.56e-001 1.00e+000h  1
 717 3.9481455e+002 1.10e-004 8.74e-003  -9.2 2.61e-002    -  1.00e+000 9.29e-001h  1
 718 3.9481579e+002 9.08e-005 1.69e-002  -9.0 5.42e-002    -  8.15e-001 7.49e-001H  1
 719 3.9481720e+002 6.36e-008 9.16e-004  -9.0 3.53e-002    -  3.90e-001 1.00e+000H  1
iter    objective    inf_pr   inf_du lg(mu)  ||d||  lg(rg) alpha_du alpha_pr  ls
 720 3.9481370e+002 1.52e-006 4.20e-002  -9.7 2.00e-002    -  1.00e+000 4.65e-001h  1
 721 3.9481250e+002 1.12e-005 5.47e-002 -10.1 2.29e-002    -  1.00e+000 3.60e-001h  1
 722 3.9481195e+002 4.88e-005 5.02e-002 -10.4 6.48e-002    -  1.00e+000 2.22e-001h  1
 723 3.9481174e+002 5.99e-005 5.53e-002 -10.4 3.47e-001    -  6.47e-001 2.29e-002h  1
 724 3.9481131e+002 3.97e-004 5.43e-002 -10.0 6.13e-001    -  2.06e-001 6.72e-002h  1
 725 3.9481111e+002 5.61e-004 5.21e-002  -9.4 3.91e-001    -  1.24e-001 7.52e-002h  2
 726 3.9481096e+002 9.99e-004 4.03e-002 -10.4 1.81e-001    -  3.18e-001 2.71e-001h  1
 727 3.9481056e+002 1.69e-003 4.09e-002  -9.5 3.16e-001    -  3.64e-001 1.78e-001h  1
 728 3.9481003e+002 1.79e-003 4.70e-002 -11.0 1.38e+000    -  9.58e-002 1.70e-002h  1
 729 3.9480945e+002 5.39e-003 7.99e-002 -10.2 1.05e+001    -  1.92e-002 1.17e-002h  1
iter    objective    inf_pr   inf_du lg(mu)  ||d||  lg(rg) alpha_du alpha_pr  ls
 730 3.9480853e+002 8.82e-003 1.10e-001  -8.3 7.37e+000    -  1.95e-002 1.60e-002h  1
 731 3.9480753e+002 1.11e-002 1.34e-001  -9.0 4.56e+000  -7.6 1.27e-001 2.06e-002h  1
 732 3.9480691e+002 1.19e-002 1.44e-001  -8.7 1.37e+000  -6.3 1.19e-001 4.57e-002h  1
 733 3.9480587e+002 1.23e-002 3.05e-001  -9.5 1.76e+000    -  1.41e-001 2.76e-002h  1
 734 3.9481116e+002 1.22e-002 2.77e-001  -9.1 1.78e+000  -5.9 8.30e-003 2.54e-002h  1
 735 3.9480847e+002 1.18e-002 1.93e-001  -9.4 5.01e-001    -  1.09e-001 1.27e-001h  1
 736 3.9480614e+002 1.65e-002 1.93e-001  -9.4 2.14e+001    -  3.30e-003 5.79e-003h  1
In iteration 736, 1 Slack too small, adjusting variable bound
 737 3.9480601e+002 1.74e-002 1.89e-001  -9.4 2.68e+000    -  1.87e-002 2.04e-002h  1
 738 3.9480480e+002 1.70e-002 1.83e-001  -9.4 5.94e-001    -  1.29e-001 4.08e-002h  1
 739 3.9481015e+002 1.60e-002 1.69e-001  -8.1 8.19e-001  -5.5 4.80e-002 7.46e-002f  1
iter    objective    inf_pr   inf_du lg(mu)  ||d||  lg(rg) alpha_du alpha_pr  ls
 740 3.9480929e+002 1.58e-002 1.70e-001  -9.2 5.92e-001    -  3.03e-001 1.98e-002h  1
 741 3.9480481e+002 2.70e-002 2.15e-001  -9.2 2.08e+001    -  9.78e-003 8.86e-003h  1
 742 3.9480327e+002 2.67e-002 2.15e-001  -9.2 1.13e+000  -5.9 1.97e-002 1.58e-002h  2
 743 3.9480313e+002 2.66e-002 2.14e-001 -11.0 6.37e-001    -  1.50e-001 4.95e-003h  1
 744 3.9480122e+002 3.05e-002 2.43e-001  -8.7 3.94e+001    -  1.69e-002 2.67e-003h  1
 745 3.9480439e+002 4.95e-002 2.92e-001  -7.5 5.22e+000    -  9.67e-003 4.55e-002h  1
In iteration 745, 1 Slack too small, adjusting variable bound
 746 3.9480384e+002 4.97e-002 2.99e-001  -9.1 1.29e+001    -  1.63e-002 2.06e-003h  1
 747 3.9480253e+002 5.17e-002 3.19e-001  -9.1 2.85e+001    -  6.11e-003 2.64e-003h  1
 748 3.9480098e+002 5.28e-002 3.34e-001  -9.1 2.28e+001    -  1.68e-002 2.50e-003h  1
 749 3.9479761e+002 4.20e-002 1.79e+003  -9.1 6.66e-002  -4.7 1.05e-008 2.06e-001f  1
iter    objective    inf_pr   inf_du lg(mu)  ||d||  lg(rg) alpha_du alpha_pr  ls
 750 3.9481503e+002 3.79e-002 1.53e+003  -7.2 5.14e-001    -  2.20e-002 1.43e-001f  1
 751 3.9481412e+002 3.72e-002 1.50e+003  -8.6 4.26e-001    -  2.55e-001 2.10e-002h  1
 752 3.9481198e+002 4.74e-002 1.46e+003  -8.6 6.84e+000    -  1.85e-002 2.54e-002f  2
 753 3.9480819e+002 5.98e-002 1.42e+003  -8.6 6.09e+000    -  4.53e-002 3.24e-002h  1
 754 3.9481006e+002 5.86e-002 1.39e+003  -8.6 2.83e-001  -5.1 5.69e-002 1.88e-002h  3
 755 3.9480897e+002 5.70e-002 1.35e+003  -8.6 4.29e-001    -  1.00e+000 2.94e-002h  1
 756 3.9480824e+002 5.66e-002 1.34e+003  -8.6 4.26e-001  -4.7 7.30e-002 7.01e-003h  4
 757 3.9479865e+002 4.69e-002 9.51e+002  -8.6 4.71e-001    -  1.00e+000 2.90e-001h  1
 758 3.9480408e+002 4.66e-002 9.37e+002  -8.6 2.64e+000    -  3.88e-002 1.46e-002h  3
 759 3.9480018e+002 4.23e-002 8.31e+002  -8.6 4.50e-001    -  4.47e-001 1.13e-001h  1
iter    objective    inf_pr   inf_du lg(mu)  ||d||  lg(rg) alpha_du alpha_pr  ls
 760 3.9480300e+002 4.18e-002 8.22e+002  -8.6 2.30e-001  -4.3 9.58e-002 1.13e-002h  4
 761 3.9479478e+002 3.36e-002 6.11e+002  -8.6 3.30e-001    -  2.67e-001 2.57e-001h  1
 762 3.9480984e+002 2.94e-002 5.35e+002  -7.6 7.32e-002  -4.8 2.61e-001 1.25e-001f  2
 763 3.9480079e+002 2.42e-002 3.93e+002  -8.1 3.18e-001    -  4.38e-001 2.66e-001h  1
 764 3.9487498e+002 3.14e-002 3.08e+002  -7.1 9.76e-001    -  1.40e-001 2.16e-001f  1
 765 3.9487295e+002 3.10e-002 3.03e+002  -7.8 6.74e-001    -  2.63e-001 1.47e-002h  1
 766 3.9486256e+002 4.07e-002 2.98e+002  -7.8 9.94e+000    -  9.78e-003 1.79e-002f  1
 767 3.9485177e+002 3.86e-002 2.67e+002  -7.8 7.53e-001    -  4.12e-001 1.04e-001f  2
 768 3.9483613e+002 3.90e-002 1.41e+002  -7.8 4.93e-001    -  8.83e-001 4.74e-001h  1
 769 3.9482644e+002 4.17e-002 1.23e+002  -7.8 1.20e+000    -  2.31e-001 1.26e-001f  1
iter    objective    inf_pr   inf_du lg(mu)  ||d||  lg(rg) alpha_du alpha_pr  ls
 770 3.9481869e+002 3.64e-002 1.04e+002  -7.8 3.82e-001    -  1.08e-001 1.49e-001f  2
 771 3.9483576e+002 6.74e-003 1.92e+001  -7.8 1.08e-001    -  4.39e-001 8.16e-001h  1
 772 3.9480199e+002 2.01e-003 8.62e-001  -7.8 7.76e-002    -  6.34e-001 9.55e-001f  1
 773 3.9484616e+002 1.12e-003 1.19e-001  -7.5 6.01e-002    -  4.48e-001 8.83e-001f  1
 774 3.9481043e+002 2.48e-004 2.35e-002  -7.7 2.81e-002    -  7.49e-001 1.00e+000h  1
 775 3.9479407e+002 2.18e-004 1.20e-001  -8.6 3.50e-002    -  1.00e+000 4.94e-001h  1
 776 3.9478209e+002 1.04e-004 6.77e-002  -9.0 1.48e-002    -  1.00e+000 5.29e-001h  1
 777 3.9478033e+002 3.21e-005 6.03e-003  -8.3 1.15e-002    -  9.13e-001 9.40e-001h  1
 778 3.9477975e+002 1.40e-005 2.24e-003  -8.3 9.92e-003    -  9.77e-001 1.00e+000h  1
 779 3.9477369e+002 6.95e-006 1.04e-002  -8.7 5.10e-003    -  1.00e+000 7.56e-001h  1
iter    objective    inf_pr   inf_du lg(mu)  ||d||  lg(rg) alpha_du alpha_pr  ls
 780 3.9477218e+002 5.20e-006 6.68e-002  -9.6 1.31e-002    -  1.00e+000 2.54e-001h  1
 781 3.9477140e+002 6.80e-006 4.12e-002  -8.8 3.66e-002    -  5.97e-001 3.64e-001h  1
 782 3.9477144e+002 2.82e-005 5.22e-002  -8.6 9.30e-002    -  3.93e-001 2.18e-001h  1
 783 3.9477079e+002 4.40e-005 8.85e-002  -8.8 7.01e-002    -  5.95e-001 2.25e-001h  1
 784 3.9477059e+002 6.74e-005 1.22e-001  -8.5 1.11e-001    -  4.16e-001 1.40e-001f  1
 785 3.9477025e+002 7.83e-005 1.41e-001  -8.8 3.60e-001    -  1.70e-001 2.71e-002h  1
 786 3.9477571e+002 8.76e-004 8.08e-002  -8.1 2.15e-001    -  2.49e-001 3.69e-001f  1
 787 3.9477438e+002 9.56e-004 7.12e-002  -8.6 2.56e-001    -  1.63e-001 1.52e-001h  1
 788 3.9477294e+002 8.35e-004 1.13e-001  -8.6 1.07e-001    -  3.60e-001 1.94e-001f  2
 789 3.9477172e+002 7.61e-004 1.25e-001  -8.6 1.24e-001    -  2.42e-001 1.41e-001h  1
iter    objective    inf_pr   inf_du lg(mu)  ||d||  lg(rg) alpha_du alpha_pr  ls
 790 3.9477114e+002 7.42e-004 1.47e-001  -8.6 1.78e-001    -  3.00e-001 1.00e-001f  2
 791 3.9476984e+002 2.83e-004 5.60e-002  -8.6 3.46e-002    -  1.00e+000 8.28e-001h  1
 792 3.9477358e+002 3.33e-004 4.73e-002  -8.2 6.50e-002    -  9.34e-001 5.00e-001f  2
 793 3.9477483e+002 9.53e-005 1.08e-002  -8.3 2.20e-002    -  1.00e+000 1.00e+000h  1
 794 3.9477305e+002 4.64e-005 3.87e-003  -8.3 1.76e-002    -  1.00e+000 1.00e+000h  1
 795 3.9477287e+002 7.42e-006 1.79e-003  -8.3 1.01e-002    -  1.00e+000 1.00e+000h  1
 796 3.9477257e+002 6.15e-005 2.81e-003  -8.3 1.76e-002    -  1.00e+000 1.00e+000h  1
 797 3.9477622e+002 4.26e-006 7.70e-004  -8.3 7.54e-002    -  1.00e+000 1.00e+000H  1
 798 3.9477505e+002 3.44e-006 1.33e-003  -8.5 6.05e-002    -  1.00e+000 1.00e+000H  1
 799 3.9480467e+002 2.81e-008 1.97e-003  -8.0 5.33e-002    -  3.84e-001 1.00e+000H  1
iter    objective    inf_pr   inf_du lg(mu)  ||d||  lg(rg) alpha_du alpha_pr  ls
 800 3.9477713e+002 2.11e-006 5.70e-002  -8.8 4.57e-002    -  1.00e+000 5.73e-001f  1
 801 3.9476834e+002 2.26e-005 3.08e-002  -8.8 2.08e-002    -  4.54e-001 6.19e-001h  1
 802 3.9476526e+002 2.15e-005 8.31e-002  -9.2 1.29e-002    -  1.00e+000 4.89e-001f  1
 803 3.9476449e+002 2.36e-005 2.00e-001  -9.8 3.18e-002    -  1.00e+000 1.51e-001h  1
 804 3.9476338e+002 4.41e-005 1.17e-001 -10.5 4.68e-002    -  1.00e+000 2.60e-001h  1
 805 3.9476292e+002 1.31e-004 9.72e-002  -9.0 2.30e-001    -  5.58e-001 1.00e-001h  1
 806 3.9476716e+002 5.21e-004 7.71e-002  -8.1 2.91e-001    -  1.26e-001 2.08e-001h  1
 807 3.9476564e+002 3.92e-004 6.14e-002  -8.9 6.21e-002    -  3.90e-001 3.11e-001h  1
 808 3.9476439e+002 2.21e-004 2.47e-002  -8.9 7.55e-002    -  2.24e-001 4.41e-001f  1
 809 3.9476297e+002 1.93e-004 1.85e-002  -8.9 4.29e-002    -  1.48e-001 3.97e-001f  1
iter    objective    inf_pr   inf_du lg(mu)  ||d||  lg(rg) alpha_du alpha_pr  ls
 810 3.9476278e+002 2.11e-004 1.62e-002  -8.9 1.27e-001    -  1.44e-001 1.17e-001f  3
 811 3.9476148e+002 1.67e-004 2.47e-002  -9.5 3.73e-002    -  8.05e-001 3.50e-001h  1
 812 3.9476139e+002 1.85e-004 7.21e-002  -8.8 2.62e-001    -  5.69e-001 5.16e-002h  4
 813 3.9476348e+002 1.08e-007 7.62e-004  -9.0 6.29e-002    -  5.19e-001 1.00e+000H  1
 814 3.9476131e+002 2.41e-005 5.01e-002  -9.5 4.70e-002    -  6.43e-001 3.55e-001h  1
 815 3.9475989e+002 2.22e-005 6.02e-002  -9.2 5.24e-002    -  4.56e-001 3.12e-001h  1
 816 3.9475876e+002 8.98e-006 1.82e-002  -9.6 8.52e-003    -  1.00e+000 8.30e-001h  1
 817 3.9475833e+002 1.32e-005 9.88e-003 -10.3 1.96e-002    -  1.00e+000 4.13e-001h  1
 818 3.9475833e+002 9.26e-005 2.52e-002  -9.4 2.82e-001    -  4.28e-001 9.50e-002h  2
 819 3.9475810e+002 3.17e-004 4.09e-002  -9.8 2.66e-001    -  5.36e-001 1.75e-001h  1
iter    objective    inf_pr   inf_du lg(mu)  ||d||  lg(rg) alpha_du alpha_pr  ls
 820 3.9475778e+002 7.17e-004 2.89e-002  -9.5 2.41e+000    -  2.36e-001 2.55e-002f  2
 821 3.9475795e+002 7.05e-004 3.14e-002  -9.4 1.77e-001  -5.7 1.03e-001 3.51e-002h  3
 822 3.9475781e+002 1.16e-003 3.58e-002  -9.3 1.82e-001    -  8.70e-001 4.69e-001h  1
 823 3.9475768e+002 5.79e-003 7.71e-002  -9.4 8.06e+000    -  1.46e-002 2.54e-002h  1
 824 3.9475754e+002 6.07e-003 8.78e-002  -9.4 6.87e+000    -  5.77e-002 7.98e-003f  2
 825 3.9475730e+002 6.84e-003 1.45e-001  -9.1 2.71e+000    -  1.94e-001 3.54e-002h  1
 826 3.9475713e+002 7.19e-003 1.55e-001  -9.4 3.84e+000    -  6.45e-002 1.73e-002h  4
 827 3.9475710e+002 7.31e-003 1.27e-001  -8.8 1.37e+000    -  2.51e-001 4.67e-002h  1
In iteration 827, 1 Slack too small, adjusting variable bound
 828 3.9475683e+002 8.06e-003 1.44e-001  -9.2 1.91e+000    -  4.48e-002 5.36e-002h  1
 829 3.9475676e+002 7.91e-003 1.40e-001  -9.2 1.61e+000    -  5.05e-002 2.03e-002h  3
iter    objective    inf_pr   inf_du lg(mu)  ||d||  lg(rg) alpha_du alpha_pr  ls
 830 3.9475854e+002 6.25e-003 3.30e-002  -9.3 2.67e-001    -  8.27e-001 7.14e-001h  1
 831 3.9475786e+002 7.47e-003 3.35e-002  -9.3 3.62e+000    -  9.73e-002 3.10e-002h  2
 832 3.9475706e+002 6.92e-003 6.88e-002  -9.3 1.18e-001  -5.3 1.27e-001 7.26e-002h  1
 833 3.9475513e+002 5.42e-003 3.37e-002 -11.0 2.34e-001    -  9.30e-002 2.89e-001h  1
 834 3.9482268e+002 4.88e-003 4.00e-002  -8.2 3.27e-001  -5.8 3.67e-002 1.12e-001h  2
 835 3.9475884e+002 1.62e-003 4.99e-002  -9.2 9.24e-002    -  1.00e+000 7.42e-001h  1
 836 3.9475441e+002 3.06e-004 2.93e-003  -9.2 1.46e-002    -  9.57e-001 8.15e-001f  1
 837 3.9475343e+002 1.79e-004 5.11e-003 -11.0 2.52e-002    -  5.36e-001 4.58e-001h  1
 838 3.9475322e+002 1.68e-004 2.31e-002  -9.9 7.20e-002    -  1.00e+000 2.68e-001h  1
 839 3.9475308e+002 5.10e-004 2.28e-002  -9.3 6.09e-001    -  1.44e-001 1.03e-001h  2
iter    objective    inf_pr   inf_du lg(mu)  ||d||  lg(rg) alpha_du alpha_pr  ls
 840 3.9475301e+002 1.48e-003 3.93e-002  -9.1 6.22e+000    -  6.10e-002 1.67e-002h  1
 841 3.9475441e+002 1.34e-003 4.07e-002  -9.8 6.81e-002  -5.3 2.16e-001 9.90e-002h  1
In iteration 841, 1 Slack too small, adjusting variable bound
 842 3.9475392e+002 1.22e-003 7.07e-002  -9.8 7.12e-002    -  4.22e-001 9.25e-002f  1
In iteration 842, 1 Slack too small, adjusting variable bound
 843 3.9475314e+002 1.26e-003 7.72e-002  -9.8 1.13e+000    -  7.91e-002 2.23e-002h  1
 844 3.9475251e+002 1.28e-003 7.76e-002  -9.8 7.63e-001    -  1.88e-002 3.81e-002h  1
 845 3.9475190e+002 1.11e-003 7.84e-002 -11.0 8.01e-002    -  8.66e-002 1.34e-001h  1
 846 3.9475181e+002 1.10e-003 9.23e-002 -11.0 1.79e-001    -  1.04e-001 1.40e-002h  1
 847 3.9475139e+002 1.14e-003 1.26e-001  -9.5 4.02e+000    -  6.40e-002 5.50e-003h  1
 848 3.9475130e+002 2.58e-003 1.31e-001  -9.8 6.66e+000    -  3.87e-002 1.78e-002h  1
 849 3.9475108e+002 2.54e-003 1.35e-001  -9.9 3.04e-001  -5.8 1.14e-001 2.08e-002h  2
In iteration 849, 1 Slack too small, adjusting variable bound
iter    objective    inf_pr   inf_du lg(mu)  ||d||  lg(rg) alpha_du alpha_pr  ls
 850 3.9475049e+002 2.66e-003 1.34e-001  -9.9 1.59e+000    -  1.96e-002 2.38e-002h  1
 851 3.9474907e+002 9.12e-003 1.30e-001  -8.5 6.96e+001    -  1.03e-002 3.20e-003h  1
 852 3.9475006e+002 8.93e-003 1.27e-001  -9.7 9.50e-002  -4.5 2.29e-002 2.06e-002h  2
 853 3.9474994e+002 8.92e-003 1.23e-001  -9.8 2.40e+000    -  2.73e-002 1.45e-003h  1
 854 3.9474908e+002 8.73e-003 1.21e-001  -8.9 1.17e-001  -5.0 2.61e-002 2.19e-002f  1
 855 3.9474847e+002 8.72e-003 1.23e-001  -8.8 3.86e+000    -  3.40e-002 3.22e-003h  1
 856 3.9474717e+002 9.03e-003 1.34e-001  -9.2 1.64e+001    -  1.29e-002 3.00e-003h  1
 857 3.9474506e+002 1.09e-002 1.60e-001  -9.7 4.63e+001    -  1.12e-002 2.54e-003h  1
 858 3.9474413e+002 1.15e-002 1.74e-001  -8.6 3.60e+001    -  1.07e-002 1.71e-003h  2
 859 3.9474481e+002 1.29e-002 1.95e-001  -7.9 1.90e+001    -  1.23e-002 5.29e-003h  3
In iteration 859, 1 Slack too small, adjusting variable bound
iter    objective    inf_pr   inf_du lg(mu)  ||d||  lg(rg) alpha_du alpha_pr  ls
 860 3.9477188e+002 1.25e-002 1.89e-001  -9.5 3.65e-001  -5.1 1.17e-002 3.23e-002h  1
In iteration 860, 1 Slack too small, adjusting variable bound
 861 3.9476904e+002 1.20e-002 1.85e-001  -9.5 3.81e-001    -  5.11e-002 4.19e-002h  1
 862 3.9478983e+002 1.19e-002 1.82e-001  -9.5 2.47e+000  -5.6 3.81e-003 7.54e-003h  1
In iteration 862, 1 Slack too small, adjusting variable bound
 863 3.9478774e+002 1.16e-002 1.78e-001  -9.5 2.98e-001    -  1.04e-002 2.01e-002f  1
 864 3.9478787e+002 1.14e-002 1.75e-001  -9.5 6.57e-001    -  8.48e-003 2.77e-002h  1
In iteration 864, 1 Slack too small, adjusting variable bound
 865 3.9477431e+002 1.02e-002 1.55e-001  -9.5 3.35e-001    -  6.08e-002 1.21e-001f  1
 866 3.9476537e+002 1.03e-002 1.61e-001  -9.5 4.39e+000    -  4.94e-003 9.06e-003h  1
In iteration 866, 1 Slack too small, adjusting variable bound
 867 3.9476178e+002 1.04e-002 1.67e-001  -9.5 2.13e+000    -  1.40e-002 2.23e-002f  1
 868 3.9475889e+002 1.12e-002 1.81e-001  -9.5 5.43e+000    -  1.34e-002 1.47e-002h  2
 869 3.9475660e+002 1.14e-002 1.90e-001  -9.5 1.26e+001    -  1.52e-002 3.67e-003h  3
iter    objective    inf_pr   inf_du lg(mu)  ||d||  lg(rg) alpha_du alpha_pr  ls
 870 3.9475575e+002 1.15e-002 1.94e-001  -9.5 3.21e+001    -  3.15e-003 5.87e-004h  4
 871 3.9475163e+002 1.14e-002 1.93e-001  -9.5 2.35e-001  -4.3 4.03e-003 5.55e-003h  1
In iteration 871, 1 Slack too small, adjusting variable bound
 872 3.9474492e+002 1.14e-002 1.79e-001  -9.5 1.74e+000    -  6.39e-004 2.24e-002f  1
In iteration 872, 1 Slack too small, adjusting variable bound
 873 3.9475560e+002 1.10e-002 1.73e-001  -9.5 3.10e-001  -4.8 1.68e-002 2.74e-002h  1
In iteration 873, 1 Slack too small, adjusting variable bound
 874 3.9475509e+002 1.09e-002 1.71e-001  -9.5 1.99e-001    -  3.38e-003 1.11e-002h  1
 875 3.9475434e+002 1.10e-002 1.76e-001  -9.5 7.61e+000    -  1.69e-003 3.76e-003h  3
In iteration 875, 1 Slack too small, adjusting variable bound
 876 3.9475440e+002 1.08e-002 1.73e-001  -9.5 4.05e-001  -5.7 1.16e-002 1.64e-002h  1
In iteration 876, 1 Slack too small, adjusting variable bound
 877 3.9475362e+002 1.07e-002 1.72e-001  -9.5 7.30e-001    -  5.98e-002 9.76e-003h  1
In iteration 877, 1 Slack too small, adjusting variable bound
 878 3.9474643e+002 1.07e-002 1.73e-001  -9.5 2.34e+000  -6.2 1.06e-002 8.58e-003h  1
In iteration 878, 1 Slack too small, adjusting variable bound
 879 3.9474413e+002 1.06e-002 1.73e-001  -9.5 1.78e+000    -  4.84e-003 5.40e-003h  1
In iteration 879, 1 Slack too small, adjusting variable bound
iter    objective    inf_pr   inf_du lg(mu)  ||d||  lg(rg) alpha_du alpha_pr  ls
 880 3.9474159e+002 1.46e-002 2.06e-001  -9.5 1.16e+001    -  2.92e-003 1.51e-002h  1
 881 3.9473919e+002 1.56e-002 2.23e-001  -8.8 2.82e+001    -  6.11e-003 3.10e-003h  2
 882 3.9473766e+002 1.69e-002 2.41e-001  -9.6 1.80e+001    -  3.71e-003 5.77e-003h  1
 883 3.9474791e+002 1.66e-002 2.38e-001  -8.2 3.49e-001  -4.9 1.58e-002 1.23e-002h  1
In iteration 883, 1 Slack too small, adjusting variable bound
 884 3.9474389e+002 1.60e-002 2.30e-001  -9.4 1.23e-001    -  1.42e-002 3.66e-002h  1
 885 3.9474237e+002 1.55e-002 7.25e+000  -9.4 1.76e-001    -  6.66e-005 3.45e-002h  1
 886 3.9473945e+002 1.54e-002 7.18e+000  -9.4 6.30e-001  -5.4 1.25e-002 9.16e-003f  2
 887 3.9473909e+002 1.52e-002 7.11e+000  -9.4 1.56e-001    -  6.71e-002 1.09e-002h  1
 888 3.9473594e+002 1.53e-002 5.13e+002  -9.4 8.05e+000    -  1.46e-008 5.09e-003f  3
 889 3.9474167e+002 1.40e-002 4.72e+002 -10.1 1.44e-001    -  3.31e-002 8.05e-002h  1
iter    objective    inf_pr   inf_du lg(mu)  ||d||  lg(rg) alpha_du alpha_pr  ls
 890 3.9472897e+002 7.85e-003 2.55e+002  -9.4 1.11e-001    -  1.79e-002 4.60e-001h  1
 891 3.9472897e+002 7.77e-003 2.52e+002  -9.4 6.97e-001    -  5.44e-002 1.18e-002f  2
 892 3.9472728e+002 6.62e-003 2.14e+002  -9.8 1.13e-001    -  6.03e-001 1.51e-001h  1
 893 3.9472636e+002 6.71e-003 2.12e+002  -8.5 6.79e+000    -  1.01e-002 6.66e-003h  1
 894 3.9472605e+002 6.65e-003 2.10e+002  -9.6 3.03e-001    -  7.33e-002 9.86e-003h  1
 895 3.9472477e+002 5.50e-003 1.74e+002  -9.6 7.88e-002    -  2.08e-001 1.74e-001f  1
 896 3.9472260e+002 5.34e-003 1.67e+002 -11.0 8.45e-001    -  1.40e-002 3.57e-002h  1
In iteration 896, 1 Slack too small, adjusting variable bound
 897 3.9472172e+002 5.33e-003 1.67e+002  -9.6 6.29e+000    -  1.10e-002 2.46e-003h  1
 898 3.9472380e+002 5.21e-003 1.63e+002 -11.0 1.80e-001  -5.0 1.34e-002 2.37e-002h  2
In iteration 898, 1 Slack too small, adjusting variable bound
 899 3.9472279e+002 5.08e-003 1.58e+002  -9.6 9.21e-001    -  1.62e-002 3.19e-002h  1
iter    objective    inf_pr   inf_du lg(mu)  ||d||  lg(rg) alpha_du alpha_pr  ls
 900 3.9472143e+002 5.18e-003 1.58e+002  -9.6 8.27e+001    -  2.71e-003 5.97e-004h  1
 901 3.9472110e+002 5.21e-003 1.58e+002  -9.6 4.58e+001    -  6.69e-003 7.88e-004h  2
In iteration 901, 1 Slack too small, adjusting variable bound
 902 3.9472011e+002 5.36e-003 1.56e+002  -9.6 6.80e+000    -  7.29e-003 1.33e-002h  1
In iteration 902, 1 Slack too small, adjusting variable bound
 903 3.9471989e+002 5.31e-003 1.54e+002  -9.6 1.47e-001  -4.6 6.55e-003 8.40e-003h  1
In iteration 903, 1 Slack too small, adjusting variable bound
 904 3.9471889e+002 5.26e-003 1.52e+002  -9.6 2.02e+000    -  1.01e-002 1.29e-002h  1
 905 3.9472199e+002 5.22e-003 1.51e+002 -11.0 5.91e-001  -5.1 5.70e-003 8.06e-003h  1
In iteration 905, 1 Slack too small, adjusting variable bound
 906 3.9472108e+002 4.41e-003 1.25e+002  -9.6 3.43e-001    -  5.53e-003 1.76e-001h  1
In iteration 906, 1 Slack too small, adjusting variable bound
 907 3.9471849e+002 4.56e-003 1.24e+002  -9.6 1.65e+001    -  1.24e-002 4.92e-003h  1
In iteration 907, 1 Slack too small, adjusting variable bound
 908 3.9471844e+002 5.43e-003 1.24e+002  -9.6 1.03e+002    -  1.77e-003 1.80e-003h  1
 909 3.9471832e+002 5.41e-003 1.23e+002  -9.6 2.28e-001  -4.2 8.30e-003 2.81e-003h  3
In iteration 909, 1 Slack too small, adjusting variable bound
iter    objective    inf_pr   inf_du lg(mu)  ||d||  lg(rg) alpha_du alpha_pr  ls
 910 3.9471415e+002 3.46e-003 7.88e+001  -9.6 1.09e-002    -  6.14e-002 3.61e-001h  1
 911 3.9471347e+002 3.06e-003 6.98e+001 -10.4 3.72e-002    -  2.45e-001 1.14e-001h  1
 912 3.9472019e+002 2.94e-003 6.68e+001  -8.4 4.97e-001    -  3.84e-003 4.30e-002h  1
In iteration 912, 1 Slack too small, adjusting variable bound
 913 3.9471349e+002 1.47e-003 3.34e+001  -9.7 1.14e-002    -  1.00e+000 5.00e-001h  1
 914 3.9471194e+002 3.47e-004 7.60e+000  -9.3 3.25e-002    -  7.43e-001 7.72e-001h  1
 915 3.9471063e+002 3.52e-004 7.51e+000  -8.6 1.75e+000    -  3.18e-002 1.22e-002h  2
 916 3.9472138e+002 3.28e-004 6.84e+000  -9.4 9.83e-002  -5.2 1.60e-001 8.93e-002h  1
 917 3.9471184e+002 3.40e-005 7.62e-002  -9.4 2.61e-002    -  3.08e-001 9.97e-001f  1
 918 3.9470965e+002 2.99e-005 9.64e-002  -9.4 4.54e-002    -  3.62e-001 1.36e-001f  1
 919 3.9470877e+002 1.47e-005 2.10e-002  -9.7 9.08e-003    -  9.09e-001 5.18e-001h  1
iter    objective    inf_pr   inf_du lg(mu)  ||d||  lg(rg) alpha_du alpha_pr  ls
 920 3.9470848e+002 1.51e-005 2.21e-002 -11.0 2.83e-001    -  1.72e-001 2.42e-002h  1
 921 3.9470843e+002 1.56e-005 4.52e-002  -8.7 2.44e-001  -5.6 1.12e-001 6.18e-003h  3
In iteration 921, 1 Slack too small, adjusting variable bound
 922 3.9470839e+002 2.80e-005 4.71e-002  -9.5 3.66e-001    -  1.23e-001 4.88e-002h  1
 923 3.9470815e+002 5.67e-005 4.87e-002  -9.5 2.85e+000    -  3.70e-002 8.73e-003h  2
 924 3.9470746e+002 3.77e-004 4.98e-002  -8.2 1.75e+001    -  2.65e-002 4.67e-003h  2
 925 3.9470789e+002 3.83e-004 5.39e-002  -8.3 3.04e-001  -5.2 4.90e-002 7.22e-003h  4
 926 3.9470740e+002 5.00e-004 5.25e-002  -9.2 3.25e+000    -  3.42e-002 1.41e-002h  2
 927 3.9470683e+002 5.72e-004 5.19e-002  -9.2 3.30e+001    -  8.02e-003 1.00e-003h  3
 928 3.9470957e+002 5.70e-004 5.12e-002  -8.1 2.70e-001  -4.8 2.00e-002 5.97e-003h  3
 929 3.9471359e+002 4.38e-004 2.66e-002  -9.1 1.15e-001    -  1.19e-001 2.58e-001h  1
In iteration 929, 1 Slack too small, adjusting variable bound
iter    objective    inf_pr   inf_du lg(mu)  ||d||  lg(rg) alpha_du alpha_pr  ls
 930 3.9471178e+002 4.09e-004 2.61e-002  -9.1 9.20e-002    -  1.48e-001 6.71e-002f  1
 931 3.9470948e+002 3.10e-004 2.36e-001  -9.1 8.28e-002    -  1.13e-001 5.80e-001h  1
 932 3.9470748e+002 3.11e-004 2.30e-001  -9.1 4.76e-001  -5.3 2.57e-002 5.63e-003f  2
 933 3.9470678e+002 2.93e-004 2.17e-001  -8.7 1.32e-001    -  5.08e-002 8.02e-002h  1
 934 3.9470509e+002 1.57e-004 9.02e-002  -9.2 2.61e-002    -  6.46e-001 5.18e-001h  1
 935 3.9470731e+002 2.40e-004 8.87e-002  -8.1 9.49e-001    -  4.55e-002 2.78e-002h  4
 936 3.9470989e+002 2.54e-004 8.58e-002  -9.1 2.33e-001  -5.7 5.08e-002 2.71e-002h  2
 937 3.9471934e+002 2.21e-004 5.77e-002  -9.1 4.40e-002    -  3.37e-001 4.34e-001h  1
 938 3.9470372e+002 5.94e-005 5.03e-003  -9.1 1.66e-002    -  5.04e-001 1.00e+000f  1
 939 3.9473483e+002 2.43e-005 2.35e-002  -8.4 3.38e-002    -  2.20e-001 6.56e-001h  1
iter    objective    inf_pr   inf_du lg(mu)  ||d||  lg(rg) alpha_du alpha_pr  ls
 940 3.9470898e+002 1.16e-005 2.98e-002  -8.9 1.91e-002    -  1.77e-001 6.25e-001h  1
 941 3.9470814e+002 4.10e-005 4.81e-003  -8.9 1.58e-002    -  1.00e+000 7.41e-001f  1
 942 3.9471548e+002 3.05e-004 1.54e-002  -7.9 1.83e-001    -  2.18e-001 1.97e-001f  2
 943 3.9481550e+002 5.18e-004 2.52e-002  -8.5 9.91e-002    -  3.22e-001 3.55e-001h  1
 944 3.9479453e+002 4.72e-004 2.28e-002  -8.5 5.32e-002    -  3.47e-003 1.02e-001f  1
 945 3.9471924e+002 4.15e-004 3.28e-002  -8.5 4.28e-002    -  5.44e-001 9.01e-001f  1
 946 3.9470695e+002 3.81e-004 2.68e-002  -8.5 1.04e-001    -  8.30e-002 8.81e-002f  1
 947 3.9470675e+002 3.14e-004 5.39e+002  -8.5 3.82e-002    -  3.66e-009 1.77e-001f  1
 948 3.9470674e+002 2.51e-004 4.05e+002  -8.5 3.29e-002    -  4.65e-001 2.50e-001f  3
 949 3.9472059e+002 1.94e-004 8.12e+001  -8.5 7.67e-002    -  1.76e-001 7.99e-001H  1
iter    objective    inf_pr   inf_du lg(mu)  ||d||  lg(rg) alpha_du alpha_pr  ls
 950 3.9471616e+002 2.66e-004 6.42e+001  -8.5 1.30e-001    -  5.90e-001 2.10e-001f  3
 951 3.9471073e+002 2.57e-004 6.09e+001  -8.5 2.48e-001    -  9.14e-002 5.06e-002h  1
 952 3.9470575e+002 1.27e-004 2.86e+001  -8.5 2.86e-002    -  3.24e-001 5.30e-001f  1
 953 3.9470207e+002 1.58e-005 2.47e+000  -8.9 9.71e-003    -  1.00e+000 9.14e-001f  1
 954 3.9470029e+002 8.22e-006 7.51e-001  -9.3 4.83e-003    -  1.00e+000 6.96e-001h  1
 955 3.9469984e+002 1.62e-005 5.81e-001  -9.4 2.59e-002    -  7.01e-001 2.26e-001h  1
 956 3.9469959e+002 4.21e-005 5.52e-001 -11.0 2.13e-001    -  7.06e-002 5.07e-002h  1
 957 3.9469937e+002 2.40e-004 5.18e-001  -9.5 4.96e-001    -  1.03e-001 6.10e-002h  2
 958 3.9469947e+002 2.00e-004 4.19e-001  -9.5 1.77e-002  -4.4 1.00e+000 1.90e-001h  2
 959 3.9469854e+002 4.50e-004 3.34e-001  -9.5 1.71e-001    -  2.66e-001 2.04e-001h  1
iter    objective    inf_pr   inf_du lg(mu)  ||d||  lg(rg) alpha_du alpha_pr  ls
 960 3.9469800e+002 1.33e-003 3.31e-001 -11.0 6.95e+000    -  3.99e-002 8.92e-003h  1
In iteration 960, 1 Slack too small, adjusting variable bound
 961 3.9469801e+002 1.28e-003 3.18e-001  -9.6 9.17e-002  -4.9 9.50e-002 4.00e-002h  1
 962 3.9469726e+002 1.37e-003 2.91e-001  -9.6 3.43e-001    -  3.38e-002 8.43e-002h  1
 963 3.9469704e+002 1.35e-003 2.87e-001  -9.2 1.32e-001  -5.4 8.27e-002 1.20e-002f  3
 964 3.9469631e+002 1.48e-003 2.02e-001  -9.2 1.64e-001    -  3.07e-001 2.97e-001h  1
 965 3.9469621e+002 4.77e-003 2.01e-001  -8.9 2.55e+001    -  3.89e-003 4.73e-003h  1
 966 3.9471049e+002 4.35e-003 1.84e-001  -9.4 6.50e-002  -4.5 1.18e-001 8.81e-002h  1
In iteration 966, 1 Slack too small, adjusting variable bound
 967 3.9470886e+002 4.12e-003 1.74e-001  -9.4 8.11e-002    -  3.69e-003 5.26e-002f  1
In iteration 967, 1 Slack too small, adjusting variable bound
 968 3.9470757e+002 4.04e-003 1.70e-001  -9.4 3.81e-001    -  8.46e-002 2.47e-002h  1
In iteration 968, 1 Slack too small, adjusting variable bound
 969 3.9470127e+002 4.28e-003 2.10e-001  -9.4 3.15e-001    -  5.30e-002 2.20e-001h  1
iter    objective    inf_pr   inf_du lg(mu)  ||d||  lg(rg) alpha_du alpha_pr  ls
 970 3.9469578e+002 5.15e-003 2.14e-001  -9.4 8.05e+000    -  1.49e-002 7.55e-003h  2
 971 3.9469550e+002 5.15e-003 2.08e-001  -9.4 8.60e-001    -  3.52e-002 2.77e-002h  2
 972 3.9469463e+002 4.48e-003 1.81e-001 -11.0 1.57e-001    -  1.47e-001 1.65e-001h  1
 973 3.9469445e+002 4.72e-003 1.09e-001  -9.1 4.09e-001    -  2.63e-001 1.32e-001h  1
 974 3.9469395e+002 4.72e-003 1.01e-001  -9.4 1.36e+000    -  6.17e-002 9.70e-003h  1
 975 3.9469335e+002 5.28e-003 1.83e+001 -11.0 3.03e+000    -  3.78e-007 1.62e-002h  2
 976 3.9469314e+002 5.57e-003 1.79e+001  -9.4 1.62e+000    -  8.41e-004 2.45e-002h  2
In iteration 976, 1 Slack too small, adjusting variable bound
 977 3.9469272e+002 5.93e-003 1.74e+001  -9.4 1.58e+000    -  3.67e-002 2.73e-002h  1
 978 3.9469311e+002 5.81e-003 1.70e+001  -9.4 1.39e-001  -5.0 4.09e-002 2.09e-002h  2
In iteration 978, 1 Slack too small, adjusting variable bound
 979 3.9469163e+002 3.88e-003 1.08e+001  -9.4 7.19e-002    -  3.23e-001 3.64e-001h  1
iter    objective    inf_pr   inf_du lg(mu)  ||d||  lg(rg) alpha_du alpha_pr  ls
 980 3.9469955e+002 3.69e-003 1.02e+001  -8.5 2.37e-001    -  5.39e-002 5.52e-002h  1
 981 3.9469063e+002 5.30e-004 6.02e-001  -9.3 3.73e-002    -  2.52e-001 9.41e-001h  1
 982 3.9469055e+002 4.96e-004 5.27e-001  -9.3 8.31e-002    -  8.62e-001 1.25e-001f  4
 983 3.9469054e+002 3.74e-003 4.82e-001  -9.1 1.25e+000    -  2.03e-001 8.49e-002h  2
In iteration 983, 1 Slack too small, adjusting variable bound
 984 3.9471609e+002 3.54e-003 4.54e-001  -9.3 2.20e-001  -5.5 6.59e-002 5.73e-002h  1
 985 3.9468995e+002 1.97e-003 7.39e-002  -9.3 8.70e-002    -  7.75e-002 1.00e+000h  1
 986 3.9468977e+002 1.98e-003 4.75e-002  -9.3 3.39e-001    -  1.83e-001 6.01e-002h  2
 987 3.9469264e+002 1.90e-003 5.25e-002  -9.0 2.00e-001    -  2.32e-001 1.27e-001h  1
 988 3.9469105e+002 2.09e-003 5.53e-002  -9.3 1.53e-001    -  6.44e-001 3.52e-001h  1
 989 3.9468998e+002 2.07e-003 5.74e-002  -9.3 5.53e-001  -5.9 3.98e-002 8.65e-003f  3
iter    objective    inf_pr   inf_du lg(mu)  ||d||  lg(rg) alpha_du alpha_pr  ls
 990 3.9469044e+002 1.23e-004 1.52e-001  -9.0 2.05e-002    -  6.60e-001 1.00e+000h  1
 991 3.9473333e+002 1.56e-007 3.04e-003  -8.8 1.26e-001    -  4.33e-001 1.00e+000H  1
 992 3.9470465e+002 4.50e-004 6.17e-002  -8.7 8.53e-002    -  1.00e+000 4.58e-001h  1
 993 3.9470346e+002 1.12e-003 1.90e-002  -8.8 3.23e-001    -  2.34e-001 1.57e-001h  2
 994 3.9470381e+002 7.47e-004 1.98e-002  -8.8 5.92e-002    -  3.99e-001 5.55e-001h  1
 995 3.9469458e+002 3.13e-004 8.13e-003  -8.8 1.62e-002    -  5.80e-001 5.83e-001f  1
 996 3.9469157e+002 2.56e-005 4.36e-002  -8.8 1.02e-002    -  6.37e-001 1.00e+000f  1
 997 3.9468980e+002 1.17e-005 5.07e-002  -9.5 5.70e-003    -  1.00e+000 6.18e-001h  1
 998 3.9468899e+002 6.91e-006 3.61e-002 -10.1 2.26e-003    -  1.00e+000 4.08e-001h  1
 999 3.9468822e+002 1.54e-006 3.22e-005  -9.8 3.49e-003    -  1.00e+000 7.80e-001h  1

Number of Iterations....: 999

                                   (scaled)                 (unscaled)
Objective...............:  1.5673058531880717e+000   3.9468821760767435e+002
Dual infeasibility......:  3.2190551403418871e-005   8.1064147954145530e-003
Constraint violation....:  3.9174735580712976e-009   1.5431233464369143e-006
Complementarity.........:  3.7033099509182221e-010   9.3258938630485879e-008
Overall NLP error.......:  3.2190551403418871e-005   8.1064147954145530e-003


Number of objective function evaluations             = 1561
Number of objective gradient evaluations             = 1000
Number of equality constraint evaluations            = 1561
Number of inequality constraint evaluations          = 1561
Number of equality constraint Jacobian evaluations   = 1000
Number of inequality constraint Jacobian evaluations = 1000
Number of Lagrangian Hessian evaluations             = 0
Total CPU secs in IPOPT (w/o function evaluations)   =   3120.217
Total CPU secs in NLP function evaluations           =    788.409

EXIT: Optimal Solution Found.
      solver  :   t_proc      (avg)   t_wall      (avg)    n_eval
       nlp_f  |  17.43 s ( 11.17ms)  17.42 s ( 11.16ms)      1561
       nlp_g  |  21.24 s ( 13.61ms)  21.23 s ( 13.60ms)      1561
  nlp_grad_f  |  36.66 s ( 36.63ms)  36.68 s ( 36.64ms)      1001
   nlp_jac_g  | 711.65 s (710.93ms) 711.64 s (710.92ms)      1001
       total  |   3.91ks (  3.91ks)   3.91ks (  3.91ks)         1
