This is Ipopt version 3.12.3, running with linear solver mumps.
NOTE: Other linear solvers might be more efficient (see Ipopt documentation).

Number of nonzeros in equality constraint Jacobian...:   674654
Number of nonzeros in inequality constraint Jacobian.:    65250
Number of nonzeros in Lagrangian Hessian.............:        0

Total number of variables............................:    74504
                     variables with only lower bounds:        0
                variables with lower and upper bounds:    74504
                     variables with only upper bounds:        0
Total number of equality constraints.................:    69504
Total number of inequality constraints...............:    28350
        inequality constraints with only lower bounds:    13800
   inequality constraints with lower and upper bounds:      750
        inequality constraints with only upper bounds:    13800

iter    objective    inf_pr   inf_du lg(mu)  ||d||  lg(rg) alpha_du alpha_pr  ls
   0 8.8894757e+003 5.59e+003 1.00e+002   0.0 0.00e+000    -  0.00e+000 0.00e+000   0
   1 8.0908623e+003 5.29e+003 2.47e+003   0.7 8.43e+001    -  1.75e-002 5.56e-002f  1
   2 7.9938774e+003 5.24e+003 3.10e+003   0.4 7.41e+001    -  1.07e-001 9.76e-003f  1
   3 7.3365225e+003 4.84e+003 3.72e+004   0.2 1.39e+002    -  5.59e-002 7.64e-002f  1
   4 7.3749947e+003 4.67e+003 4.65e+004   0.9 2.35e+002    -  1.05e-001 3.42e-002f  1
   5 8.0830491e+003 4.56e+003 4.97e+004   1.6 3.71e+002    -  1.80e-001 2.56e-002f  1
   6 8.5508571e+003 4.35e+003 9.85e+004   1.6 1.86e+002    -  2.58e-001 4.82e-002f  1
   7 9.1574872e+003 4.13e+003 2.51e+005   1.9 1.86e+002    -  9.99e-001 5.19e-002f  1
   8 9.8677800e+003 3.60e+003 4.51e+006   2.2 1.28e+002    -  1.35e-001 1.36e-001f  1
   9 1.0152905e+004 3.34e+003 8.05e+006   2.1 1.16e+002    -  1.92e-001 7.62e-002f  1
iter    objective    inf_pr   inf_du lg(mu)  ||d||  lg(rg) alpha_du alpha_pr  ls
  10 1.0199295e+004 3.21e+003 9.59e+006   1.6 6.92e+001    -  1.58e-001 3.77e-002f  1
  11 1.1484816e+004 2.84e+003 2.23e+007   2.4 1.18e+002    -  2.89e-001 1.17e-001f  1
  12 1.1960065e+004 2.68e+003 2.72e+007   2.6 1.31e+002    -  2.70e-001 5.42e-002f  1
  13 1.2032517e+004 2.54e+003 3.26e+007   1.8 1.01e+002    -  1.37e-001 5.40e-002h  1
  14 1.2178422e+004 2.31e+003 4.47e+007  -3.7 1.10e+002    -  9.88e-002 9.13e-002h  1
  15 1.2666074e+004 2.06e+003 6.55e+007   2.2 8.49e+001    -  1.59e-001 1.10e-001h  1
  16 1.2973240e+004 1.89e+003 7.84e+007   1.7 1.21e+002    -  1.04e-001 8.39e-002h  1
  17 1.3487676e+004 1.76e+003 9.67e+007   2.8 2.96e+002    -  9.68e-002 6.59e-002f  1
  18 1.3693084e+004 1.57e+003 1.12e+008   1.9 1.51e+002    -  6.06e-002 1.06e-001h  1
  19 1.3862567e+004 1.46e+003 1.21e+008   2.5 1.82e+002    -  1.23e-001 7.03e-002f  1
iter    objective    inf_pr   inf_du lg(mu)  ||d||  lg(rg) alpha_du alpha_pr  ls
  20 1.3699693e+004 1.44e+003 1.22e+008   3.2 2.83e+002    -  1.29e-002 1.27e-002f  1
  21 1.3294146e+004 1.36e+003 1.36e+008   3.0 2.29e+002    -  1.15e-001 5.63e-002f  1
  22 1.2743607e+004 1.21e+003 1.87e+008   3.1 2.51e+002    -  6.40e-002 1.04e-001f  1
  23 1.2687022e+004 1.17e+003 1.95e+008  -3.4 1.01e+002    -  4.21e-002 3.69e-002h  1
  24 1.2644761e+004 1.13e+003 2.02e+008   1.8 6.11e+001    -  1.01e-001 3.58e-002h  1
  25 1.2548957e+004 1.02e+003 2.27e+008   2.6 6.92e+001    -  6.01e-002 9.83e-002h  1
  26 1.2511857e+004 9.13e+002 2.23e+008   1.9 8.67e+001    -  5.50e-002 1.03e-001h  1
  27 1.2510035e+004 8.94e+002 2.21e+008   2.2 8.00e+001    -  1.43e-001 2.08e-002h  1
  28 1.2448602e+004 8.14e+002 2.16e+008   2.8 1.11e+002    -  5.80e-002 8.42e-002h  1
  29 1.2456464e+004 7.79e+002 2.33e+008   1.0 1.27e+002    -  5.48e-002 4.28e-002h  1
iter    objective    inf_pr   inf_du lg(mu)  ||d||  lg(rg) alpha_du alpha_pr  ls
  30 1.2501821e+004 7.20e+002 2.61e+008   2.5 1.16e+002    -  9.06e-002 7.13e-002h  1
  31 1.2607817e+004 6.48e+002 2.92e+008   1.5 7.91e+001    -  1.10e-001 9.88e-002h  1
  32 1.2630828e+004 6.27e+002 2.96e+008   2.0 9.27e+001    -  1.32e-001 3.12e-002h  1
  33 1.3121341e+004 4.48e+002 4.16e+008   0.3 8.58e+001    -  4.57e-002 2.76e-001h  1
  34 1.3041107e+004 3.98e+002 4.28e+008   2.5 1.09e+002    -  1.88e-001 7.77e-002f  1
  35 1.2957033e+004 3.35e+002 4.52e+008   2.6 5.58e+001    -  1.67e-001 9.63e-002f  1
  36 1.2860303e+004 2.85e+002 4.91e+008   2.5 5.48e+001    -  1.06e-001 1.07e-001f  1
  37 1.2805355e+004 2.25e+002 5.68e+008   2.2 4.76e+001    -  1.13e-001 1.99e-001f  1
  38 1.2639852e+004 2.03e+002 5.78e+008   2.5 1.05e+002    -  5.41e-002 8.05e-002f  1
  39 1.2415092e+004 1.70e+002 5.70e+008   2.2 4.05e+001    -  9.72e-002 1.44e-001f  1
iter    objective    inf_pr   inf_du lg(mu)  ||d||  lg(rg) alpha_du alpha_pr  ls
  40 1.2385528e+004 1.64e+002 5.66e+008   1.1 5.03e+001    -  1.14e-001 3.62e-002f  1
  41 1.2056399e+004 1.23e+002 5.11e+008   2.3 8.02e+001    -  9.72e-002 1.50e-001f  1
  42 1.1503369e+004 9.44e+001 3.90e+008   2.6 7.68e+001    -  1.39e-001 2.01e-001f  1
  43 1.1320280e+004 1.07e+002 3.50e+008   2.8 1.95e+002    -  8.37e-002 7.89e-002f  1
  44 1.1148320e+004 1.12e+002 2.77e+008   2.5 9.55e+001    -  9.28e-002 1.77e-001f  1
  45 1.1128720e+004 8.13e+001 1.88e+008   1.9 2.06e+001    -  3.08e-001 3.14e-001f  1
  46 1.1083405e+004 5.91e+001 1.36e+008   1.7 1.60e+001    -  2.56e-001 2.96e-001f  1
  47 1.0985187e+004 5.47e+001 1.23e+008   2.1 3.96e+001    -  1.89e-001 1.18e-001f  1
  48 1.1051969e+004 2.32e+001 5.42e+007   0.5 1.90e+001    -  2.06e-001 5.62e-001h  1
  49 1.1081858e+004 3.22e+000 7.75e+006   0.0 4.34e+000    -  3.13e-001 8.57e-001h  1
iter    objective    inf_pr   inf_du lg(mu)  ||d||  lg(rg) alpha_du alpha_pr  ls
  50 1.1029241e+004 1.60e+000 9.77e+004   0.7 2.54e+000    -  7.80e-001 1.00e+000f  1
  51 1.0999262e+004 3.12e-002 3.43e+003  -0.7 3.20e-001    -  9.49e-001 1.00e+000f  1
  52 1.0612531e+004 4.11e-002 9.59e+002  -5.8 9.91e-001    -  8.79e-001 1.00e+000f  1
  53 9.8788553e+003 1.86e+000 6.89e+002  -2.2 2.71e+000    -  7.88e-001 1.00e+000f  1
  54 8.8431655e+003 1.42e+001 2.99e+002  -2.6 1.06e+001    -  5.98e-001 1.00e+000f  1
  55 7.3176778e+003 4.61e+001 2.07e+002  -3.0 1.92e+001    -  4.01e-001 1.00e+000f  1
  56 7.4242466e+003 5.54e+001 3.55e+002  -2.4 1.43e+001    -  7.52e-001 9.80e-001h  1
  57 5.7338615e+003 1.11e+000 4.02e+001  -2.6 4.26e+000    -  1.00e+000 1.00e+000f  1
  58 5.2573322e+003 8.01e+000 1.14e+001  -3.1 6.93e+000    -  1.00e+000 7.42e-001f  1
  59 4.5128720e+003 8.66e+001 2.57e+001  -2.8 3.17e+001    -  1.00e+000 5.01e-001f  1
iter    objective    inf_pr   inf_du lg(mu)  ||d||  lg(rg) alpha_du alpha_pr  ls
  60 3.8625447e+003 1.22e+002 2.76e+001  -2.9 2.43e+001    -  5.27e-001 5.57e-001f  1
  61 6.0531516e+003 1.04e+001 2.74e+001  -2.8 1.95e+001    -  3.76e-001 1.00e+000h  1
  62 3.5528391e+003 1.45e+001 1.52e+001  -2.9 7.32e+000    -  8.91e-001 1.00e+000f  1
  63 3.2843625e+003 1.80e+001 1.45e+001  -3.3 5.39e+000    -  9.99e-001 1.00e+000h  1
  64 2.9433307e+003 3.44e+001 1.49e+001  -3.1 1.15e+001    -  1.00e+000 8.81e-001h  1
  65 3.2233949e+003 3.26e+001 2.19e+001  -3.1 1.21e+001    -  3.88e-001 6.12e-001H  1
  66 4.0158079e+003 2.10e+002 6.53e+001  -2.7 1.73e+001    -  4.66e-001 1.00e+000f  1
  67 6.0549255e+003 8.24e+001 3.16e+001  -3.0 1.71e+001    -  5.42e-001 7.25e-001h  1
  68 2.8775458e+003 2.94e+001 1.77e+001  -3.0 1.01e+001    -  8.98e-002 1.00e+000f  1
  69 2.8017714e+003 4.14e+000 4.22e+000  -3.2 6.62e+000    -  1.00e+000 1.00e+000h  1
iter    objective    inf_pr   inf_du lg(mu)  ||d||  lg(rg) alpha_du alpha_pr  ls
  70 2.4654395e+003 1.34e+001 1.09e+001  -3.4 6.85e+000    -  1.00e+000 8.96e-001h  1
  71 4.1820418e+003 9.15e+000 1.84e+001  -3.2 1.15e+001    -  4.45e-001 9.40e-001H  1
  72 2.4023899e+003 3.57e+001 6.87e+000  -3.4 7.93e+000    -  2.06e-001 1.00e+000f  1
  73 2.2891292e+003 5.77e+000 4.55e+000  -3.6 3.64e+000    -  1.00e+000 9.90e-001h  1
  74 2.1780039e+003 2.37e+000 6.44e+000  -3.7 6.12e+000    -  1.00e+000 9.92e-001h  1
  75 2.1060551e+003 2.11e+001 1.07e+001  -3.5 1.60e+001    -  4.37e-001 4.97e-001h  1
  76 2.0891114e+003 1.99e+001 7.11e+000  -3.7 5.38e+000    -  9.06e-001 8.10e-001h  1
  77 2.1070003e+003 8.43e-001 3.55e+000  -3.4 2.68e+000    -  1.00e+000 1.00e+000h  1
  78 1.9232350e+003 1.36e+000 2.85e+000  -3.7 4.45e+000    -  9.99e-001 9.82e-001h  1
  79 2.1489769e+003 1.61e+000 2.74e+001  -3.5 4.44e+000    -  1.00e+000 1.00e+000H  1
iter    objective    inf_pr   inf_du lg(mu)  ||d||  lg(rg) alpha_du alpha_pr  ls
  80 1.8872093e+003 1.90e+000 1.53e+001  -3.6 3.59e+000    -  1.00e+000 1.00e+000f  1
  81 1.8310247e+003 1.17e+000 1.73e+000  -3.7 1.79e+000    -  1.00e+000 9.94e-001h  1
  82 1.8574136e+003 3.51e+000 3.46e+000  -3.4 7.69e+000    -  1.00e+000 5.00e-001h  2
  83 1.8842344e+003 2.28e+000 2.56e+000  -3.5 6.68e+000    -  1.00e+000 1.00e+000H  1
  84 1.9184760e+003 2.97e+000 2.18e+000  -3.5 2.64e+000    -  1.00e+000 1.00e+000h  1
  85 1.7259701e+003 1.28e+000 1.32e+000  -4.0 2.38e+000    -  1.00e+000 1.00e+000f  1
  86 1.6702318e+003 2.11e+000 2.50e+000  -3.8 2.15e+000    -  1.00e+000 9.21e-001h  1
  87 1.5725562e+003 7.53e+000 5.34e+000  -3.8 7.70e+000    -  1.00e+000 6.09e-001h  1
  88 1.5393671e+003 7.77e+000 6.66e+000  -3.8 2.64e+001    -  5.25e-001 1.19e-001h  3
  89 1.4764651e+003 4.99e+000 7.30e+000  -3.8 1.47e+001    -  1.00e+000 8.58e-001H  1
iter    objective    inf_pr   inf_du lg(mu)  ||d||  lg(rg) alpha_du alpha_pr  ls
  90 1.4390175e+003 4.62e+000 6.96e+000  -3.9 1.23e+001    -  6.20e-001 1.03e-001h  4
  91 1.3031155e+003 1.80e+000 2.81e+000  -4.0 2.45e+000    -  1.00e+000 9.85e-001h  1
  92 1.2440273e+003 3.90e+000 5.29e+000  -4.0 3.87e+000    -  1.00e+000 1.00e+000h  1
  93 1.2194988e+003 4.69e+000 6.60e+000  -4.1 1.57e+001    -  8.57e-001 1.94e-001h  2
  94 1.1539524e+003 1.75e+001 9.13e+000  -4.2 1.48e+001    -  6.64e-001 7.29e-001h  1
  95 1.3815660e+003 1.69e+001 1.50e+001  -3.9 3.67e+001    -  2.00e-001 3.89e-001H  1
  96 1.1892776e+003 3.25e+000 8.35e+000  -4.2 4.86e+000    -  2.80e-001 8.20e-001h  1
  97 1.1287469e+003 2.70e+000 6.37e+000  -3.9 5.75e+000    -  1.00e+000 2.49e-001f  1
  98 1.3411327e+003 1.35e-001 4.03e+000  -4.0 6.31e+000    -  6.15e-001 1.00e+000H  1
  99 1.1787847e+003 7.08e+000 8.48e+000  -3.7 5.83e+000    -  9.30e-001 1.00e+000f  1
iter    objective    inf_pr   inf_du lg(mu)  ||d||  lg(rg) alpha_du alpha_pr  ls
 100 1.8302173e+003 2.55e+000 7.15e+000  -3.8 4.81e+000    -  5.09e-001 1.00e+000h  1
 101 1.1434733e+003 1.33e+000 1.64e+000  -3.8 3.48e+000    -  6.74e-001 1.00e+000f  1
 102 1.1178033e+003 4.83e-001 9.21e-001  -4.3 1.28e+000    -  1.00e+000 1.00e+000h  1
 103 1.0752444e+003 3.75e+000 2.63e+000  -4.3 1.44e+001    -  1.00e+000 2.22e-001h  2
 104 1.4924458e+003 2.54e+000 4.75e+000  -4.0 9.20e+000    -  8.25e-001 7.60e-001H  1
 105 1.0331938e+003 2.59e+000 1.22e+000  -4.1 4.03e+000    -  1.63e-001 1.00e+000f  1
 106 1.0104289e+003 2.33e+000 1.43e+000  -4.2 2.63e+000    -  1.00e+000 1.00e+000h  1
 107 9.5854337e+002 3.84e+000 2.52e+000  -4.2 5.34e+000    -  8.59e-001 6.59e-001h  1
 108 9.3220167e+002 4.45e+000 3.66e+000  -4.2 2.91e+001    -  3.65e-001 1.30e-001h  2
 109 9.9156604e+002 2.13e+000 2.93e+000  -4.3 4.73e+000    -  1.00e+000 1.00e+000h  1
iter    objective    inf_pr   inf_du lg(mu)  ||d||  lg(rg) alpha_du alpha_pr  ls
 110 8.9954047e+002 1.02e-001 2.30e+000  -4.4 1.32e+000    -  1.00e+000 1.00e+000h  1
 111 8.7683207e+002 1.14e-001 1.03e+000  -4.5 9.30e-001    -  1.00e+000 6.26e-001h  1
 112 8.7248879e+002 1.29e-001 1.06e+000 -10.5 5.03e+000    -  1.67e-001 6.14e-002h  1
 113 8.4497487e+002 3.14e+000 2.84e+000  -5.8 5.68e+001    -  6.14e-002 6.79e-002f  1
 114 8.1901215e+002 6.42e+000 5.19e+000  -5.6 6.79e+001    -  1.28e-001 5.21e-002h  1
 115 8.0814452e+002 6.75e+000 6.04e+000  -6.0 6.46e+001    -  8.94e-002 1.64e-002h  1
 116 7.8854112e+002 1.18e+001 8.37e+000  -5.0 5.62e+001    -  1.51e-001 6.78e-002h  1
 117 7.7687144e+002 1.20e+001 8.78e+000  -4.8 2.89e+001    -  6.84e-002 5.14e-002h  1
 118 7.4343900e+002 1.86e+001 9.57e+000  -4.4 4.13e+001    -  1.03e-001 1.33e-001h  1
 119 7.3644371e+002 1.78e+001 9.58e+000  -4.3 3.52e+001    -  1.76e-001 5.72e-002h  3
iter    objective    inf_pr   inf_du lg(mu)  ||d||  lg(rg) alpha_du alpha_pr  ls
 120 7.2086777e+002 1.53e+001 8.14e+000  -4.7 1.12e+001    -  2.42e-001 2.02e-001h  1
 121 7.2078435e+002 1.30e+001 8.12e+000  -4.3 1.89e+001    -  2.06e-001 1.70e-001h  1
 122 7.1139636e+002 1.12e+001 7.06e+000  -4.9 5.09e+000    -  3.44e-001 1.49e-001h  1
 123 7.0589748e+002 1.07e+001 6.89e+000  -4.6 1.00e+001    -  4.10e-001 4.58e-002h  1
 124 6.9845373e+002 9.30e+000 5.89e+000  -4.3 1.90e+001    -  3.57e-001 1.37e-001h  2
 125 6.9503503e+002 5.57e+000 2.88e+000  -4.5 9.02e+000    -  5.37e-001 4.50e-001h  1
 126 7.5086359e+002 2.73e+000 1.19e+000  -4.5 8.71e+000    -  5.18e-001 6.04e-001H  1
 127 6.9019481e+002 1.48e+000 9.96e-001  -4.7 2.57e+000    -  6.10e-001 4.81e-001h  1
 128 6.7307906e+002 3.46e-001 2.52e+000  -4.3 2.15e+000    -  5.19e-001 1.00e+000h  1
 129 6.5700640e+002 3.50e-001 5.07e-001  -4.6 1.67e+000    -  1.00e+000 9.94e-001h  1
iter    objective    inf_pr   inf_du lg(mu)  ||d||  lg(rg) alpha_du alpha_pr  ls
 130 6.5101357e+002 5.17e-001 4.75e-001  -5.0 3.87e+000    -  9.20e-001 4.65e-001h  1
 131 6.6816119e+002 1.44e-001 5.44e-001  -4.6 1.50e+000    -  1.00e+000 1.00e+000h  1
 132 6.3797394e+002 2.61e-002 2.62e-001  -5.0 5.80e-001    -  1.00e+000 1.00e+000h  1
 133 6.3378054e+002 3.98e-002 6.89e-001  -5.7 1.06e+000    -  1.00e+000 4.17e-001h  1
 134 6.2358319e+002 4.52e-001 1.21e+000  -5.2 1.82e+001    -  1.00e+000 1.06e-001h  1
 135 6.1516966e+002 1.80e+000 1.34e+000  -4.6 2.18e+001    -  2.43e-001 1.66e-001h  1
 136 6.0797899e+002 2.23e+000 1.93e+000  -4.6 1.96e+001    -  1.87e-001 1.22e-001h  1
 137 6.0570382e+002 2.68e+000 2.72e+000  -4.5 1.73e+001    -  3.46e-001 1.89e-001h  1
 138 6.0064943e+002 2.72e+000 3.07e+000  -4.7 1.33e+001    -  5.57e-001 1.73e-001h  1
 139 5.9636969e+002 2.20e+000 2.67e+000  -4.8 4.90e+000    -  5.90e-001 2.39e-001h  1
iter    objective    inf_pr   inf_du lg(mu)  ||d||  lg(rg) alpha_du alpha_pr  ls
 140 5.9125182e+002 3.73e-001 1.72e+000  -4.8 4.08e+000    -  4.69e-001 8.67e-001h  1
 141 5.7999187e+002 5.41e-002 6.57e-001  -4.8 6.71e-001    -  1.00e+000 8.60e-001h  1
 142 5.7715393e+002 7.46e-002 5.38e-001  -5.3 2.45e+000    -  1.00e+000 2.34e-001h  1
 143 5.7424104e+002 1.37e-001 1.23e+000  -4.8 2.21e+001    -  7.01e-001 2.90e-002h  4
 144 5.8278051e+002 9.61e-002 2.28e+000  -4.6 4.36e+000    -  7.73e-001 1.00e+000H  1
 145 5.6777760e+002 2.41e+000 3.00e+000  -5.6 1.42e+001    -  4.79e-001 2.64e-001f  1
 146 5.6149000e+002 2.34e+000 3.22e+000  -4.6 1.24e+001    -  5.57e-001 8.19e-002h  3
 147 5.5266873e+002 8.80e-001 9.30e-001  -4.8 4.10e+000    -  5.22e-001 6.95e-001h  1
 148 5.5716749e+002 3.27e-001 1.30e+000  -4.7 3.61e+000    -  1.00e+000 9.71e-001h  1
 149 5.4594015e+002 2.69e-001 2.55e-001  -4.7 2.62e+000    -  8.55e-001 1.00e+000h  1
iter    objective    inf_pr   inf_du lg(mu)  ||d||  lg(rg) alpha_du alpha_pr  ls
 150 5.4984486e+002 1.99e-002 6.76e-001  -4.9 2.52e+000    -  1.00e+000 1.00e+000H  1
 151 5.3697636e+002 4.74e-001 3.33e-001  -4.9 1.79e+000    -  7.71e-001 9.33e-001f  1
 152 5.3419938e+002 4.81e-001 5.62e-001  -4.9 4.61e+000    -  4.18e-001 2.80e-001h  2
 153 5.2643424e+002 1.17e-002 2.68e-001  -5.2 4.35e-001    -  1.00e+000 9.84e-001h  1
 154 5.1993054e+002 6.59e-002 3.65e-001  -5.6 8.00e-001    -  1.00e+000 7.69e-001h  1
 155 5.4311758e+002 4.33e-003 2.17e+000  -4.7 1.22e+000    -  4.51e-001 1.00e+000H  1
 156 5.1807987e+002 2.77e-001 7.91e-001  -5.1 2.00e+000    -  1.00e+000 7.53e-001f  1
 157 5.1607707e+002 2.57e-001 8.77e-001  -5.1 3.39e+000    -  1.00e+000 1.23e-001h  3
 158 5.1086425e+002 7.51e-001 4.99e-001  -5.1 2.31e+000    -  1.00e+000 9.24e-001h  1
 159 5.0703639e+002 1.69e+000 9.56e-001  -5.1 1.73e+001    -  4.55e-001 1.61e-001h  1
iter    objective    inf_pr   inf_du lg(mu)  ||d||  lg(rg) alpha_du alpha_pr  ls
 160 5.0910732e+002 1.82e+000 8.99e-001  -5.1 1.26e+001    -  3.79e-001 1.90e-001H  1
 161 5.1210986e+002 1.14e+000 6.06e-001  -5.5 3.15e+000    -  6.72e-001 4.70e-001h  1
 162 4.9171601e+002 4.30e-001 3.27e-001  -5.4 9.13e-001    -  1.00e+000 6.44e-001h  1
 163 4.8859843e+002 4.09e-001 1.86e+000  -5.7 3.83e+000    -  6.64e-001 1.38e-001h  1
 164 4.9155111e+002 3.90e-001 1.27e+000  -4.9 9.45e+000    -  1.64e-001 8.04e-002h  3
 165 4.8454420e+002 3.73e-001 2.36e-001  -5.1 2.60e+000    -  5.87e-001 4.15e-001h  1
 166 4.8300129e+002 4.85e-001 5.26e-001  -5.4 1.29e+001    -  3.67e-001 9.15e-002h  1
 167 4.7914275e+002 5.26e-001 3.07e-001  -5.5 6.51e+000    -  8.78e-001 1.74e-001h  1
 168 4.7594276e+002 6.50e-001 3.10e-001  -5.0 2.74e+001    -  8.23e-002 6.87e-002h  3
 169 4.7348253e+002 8.46e-001 3.64e-001  -5.1 1.28e+001    -  3.07e-001 1.85e-001h  2
iter    objective    inf_pr   inf_du lg(mu)  ||d||  lg(rg) alpha_du alpha_pr  ls
 170 4.8398653e+002 5.72e-001 3.14e-001  -4.8 2.43e+000    -  2.10e-001 3.52e-001h  1
 171 4.7756901e+002 4.34e-001 2.13e-001  -5.2 1.30e+000    -  1.04e-001 3.00e-001h  1
 172 4.7783813e+002 3.60e-001 2.28e-001  -4.9 3.61e+000    -  5.40e-001 2.50e-001f  3
 173 4.7721555e+002 3.54e-001 2.22e-001  -5.8 6.50e+000    -  6.04e-001 2.22e-002h  1
 174 4.7594658e+002 4.50e-001 2.94e-001  -5.5 5.11e+001    -  1.11e-001 2.68e-002h  4
 175 4.6481881e+002 1.41e+000 3.18e-001  -5.9 8.77e+000    -  3.39e-001 4.14e-001h  1
 176 4.6180306e+002 1.53e+000 4.33e-001  -5.4 3.59e+001    -  2.27e-001 5.14e-002h  3
 177 4.6409112e+002 1.27e+000 4.43e-001  -5.7 7.34e+000    -  7.64e-001 4.12e-001H  1
 178 4.5890548e+002 8.95e-001 4.66e-001  -5.6 3.71e+000    -  9.86e-001 5.06e-001h  1
 179 4.5217754e+002 6.59e-001 5.28e-001  -5.6 3.04e+000    -  3.77e-001 3.82e-001h  1
iter    objective    inf_pr   inf_du lg(mu)  ||d||  lg(rg) alpha_du alpha_pr  ls
 180 4.4821812e+002 4.77e-001 4.07e-001  -5.6 1.67e+000    -  4.43e-001 3.02e-001h  1
 181 4.4601687e+002 3.61e-001 3.08e-001  -5.8 1.92e+000    -  7.87e-001 2.96e-001h  1
 182 4.4553896e+002 3.46e-001 2.75e-001  -5.8 2.03e+000    -  5.59e-001 3.51e-001H  1
 183 4.4986100e+002 1.54e-001 3.46e-001  -5.5 1.24e+000    -  4.45e-001 7.81e-001H  1
 184 4.4559029e+002 1.21e-001 3.46e-001  -5.6 7.07e-001    -  7.51e-001 2.93e-001h  1
 185 4.4576123e+002 1.65e-002 2.86e-001  -5.4 4.52e-001    -  4.58e-001 1.00e+000h  1
 186 4.4119219e+002 1.73e-002 9.13e-002  -5.5 2.36e-001    -  8.63e-001 1.00e+000h  1
 187 4.4262954e+002 7.02e-003 4.60e-002  -5.2 2.64e-001    -  1.00e+000 1.00e+000h  1
 188 4.4033229e+002 9.95e-002 6.36e-002  -5.6 5.93e-001    -  1.00e+000 1.00e+000h  1
 189 4.3970061e+002 2.31e-001 1.85e-001  -5.3 9.14e+000    -  5.84e-001 1.04e-001h  2
iter    objective    inf_pr   inf_du lg(mu)  ||d||  lg(rg) alpha_du alpha_pr  ls
 190 4.3926582e+002 2.55e-001 2.59e-001  -5.5 6.39e+000    -  8.04e-001 8.58e-002h  3
 191 4.4201521e+002 7.02e-003 4.00e-001  -5.6 2.30e+000    -  1.00e+000 1.00e+000H  1
 192 4.3746933e+002 3.00e-001 5.65e-001  -7.7 7.51e+000    -  5.11e-001 1.99e-001h  1
 193 4.3262642e+002 5.22e-001 7.17e-001  -5.9 2.70e+001    -  1.17e-001 4.33e-002h  1
 194 4.3127762e+002 5.39e-001 7.33e-001 -11.0 1.11e+001    -  2.08e-001 5.06e-002h  1
 195 4.3003844e+002 7.80e-001 6.09e-001  -6.7 6.27e+000    -  4.99e-001 2.73e-001h  1
 196 4.2850542e+002 8.24e-001 6.47e-001  -5.8 1.39e+001    -  1.32e-001 5.92e-002h  1
 197 4.2763314e+002 1.04e+000 6.80e-001  -5.8 1.20e+001    -  3.25e-001 1.19e-001h  1
 198 4.2699174e+002 1.02e+000 6.72e-001  -6.0 9.33e+000    -  4.65e-001 4.24e-002h  1
 199 4.2614357e+002 1.41e+000 7.28e-001  -5.3 1.74e+001    -  1.71e-001 1.06e-001h  2
iter    objective    inf_pr   inf_du lg(mu)  ||d||  lg(rg) alpha_du alpha_pr  ls
 200 4.2774948e+002 1.97e+000 7.94e-001  -5.3 1.22e+001    -  3.67e-001 1.71e-001h  1
 201 4.3440093e+002 1.73e+000 6.19e-001  -5.6 4.15e+000    -  6.91e-001 5.00e-001h  1
 202 4.2708129e+002 1.24e+000 5.86e-001  -5.6 2.67e+000    -  4.35e-001 4.06e-001h  1
 203 4.2296358e+002 9.39e-001 4.38e-001 -11.0 1.86e+000    -  1.88e-001 2.45e-001h  1
 204 4.2261219e+002 8.83e-001 4.19e-001 -11.0 9.88e-001    -  5.70e-001 5.99e-002h  1
 205 4.2141468e+002 7.26e-001 3.59e-001  -6.1 2.19e+000    -  7.27e-001 2.45e-001h  1
 206 4.2030176e+002 6.56e-001 3.50e-001  -6.4 2.91e+000    -  5.46e-001 1.57e-001h  1
 207 4.1966826e+002 6.38e-001 3.64e-001  -6.3 4.76e+000    -  3.86e-001 8.27e-002h  1
 208 4.1907189e+002 7.10e-001 4.13e-001  -6.2 7.53e+000    -  4.12e-001 9.67e-002h  2
 209 4.1875014e+002 7.40e-001 4.48e-001  -6.2 6.50e+000    -  4.82e-001 9.10e-002h  2
iter    objective    inf_pr   inf_du lg(mu)  ||d||  lg(rg) alpha_du alpha_pr  ls
 210 4.1791512e+002 6.67e-001 4.04e-001  -6.2 2.26e+000    -  9.21e-001 3.48e-001h  1
 211 4.1773150e+002 7.19e-001 4.42e-001  -5.4 5.12e+000    -  1.37e-001 1.03e-001h  1
 212 4.2521260e+002 1.90e+000 5.29e-001  -5.2 5.53e+000    -  2.25e-001 2.95e-001h  1
 213 4.2424406e+002 1.82e+000 5.40e-001  -5.7 4.03e+000    -  2.22e-001 5.31e-002h  1
 214 4.2296161e+002 1.89e+000 5.51e-001  -5.7 5.61e+000    -  2.18e-001 2.06e-001h  1
 215 4.1908074e+002 1.36e+000 4.00e-001  -5.7 1.14e+000    -  1.43e-001 3.02e-001h  1
 216 4.1733480e+002 1.07e+000 3.27e-001  -5.7 9.81e-001    -  8.40e-001 2.27e-001f  1
 217 4.1695156e+002 5.24e-001 1.37e-001  -5.7 9.79e-001    -  6.68e-001 6.93e-001h  1
 218 4.1662424e+002 3.22e-001 1.16e-001  -5.7 8.43e-001    -  7.55e-001 9.20e-001h  1
 219 4.1540826e+002 2.20e-001 1.48e-001  -6.1 8.57e-001    -  1.00e+000 6.65e-001h  1
iter    objective    inf_pr   inf_du lg(mu)  ||d||  lg(rg) alpha_du alpha_pr  ls
 220 4.1467425e+002 1.75e-001 1.38e-001  -6.3 4.36e-001    -  6.80e-001 2.14e-001h  1
 221 4.1424796e+002 8.52e-003 1.16e-001  -5.9 1.83e-001    -  4.64e-001 9.59e-001h  1
 222 4.1366047e+002 2.72e-002 1.93e-001  -6.6 4.92e-001    -  1.00e+000 3.94e-001h  1
 223 4.1399888e+002 2.56e-001 9.36e-002  -5.7 3.96e+000    -  3.69e-001 1.74e-001h  2
 224 4.1321926e+002 7.22e-001 1.83e-001  -6.1 3.45e+000    -  3.34e-001 3.21e-001h  1
 225 4.1253622e+002 1.36e+000 3.00e-001  -5.6 1.80e+001    -  2.00e-001 7.60e-002f  1
 226 4.2672863e+002 3.07e+000 3.93e-001  -4.9 1.78e+001    -  7.25e-002 1.75e-001h  1
 227 4.2075348e+002 2.52e+000 4.09e-001  -5.8 3.01e+000    -  2.51e-001 2.50e-001h  1
 228 4.2538338e+002 1.81e+000 3.13e-001  -5.8 2.36e+000    -  2.04e-001 2.82e-001h  1
 229 4.2301477e+002 1.67e+000 2.79e-001  -5.8 1.95e+000    -  7.17e-001 8.73e-002h  1
iter    objective    inf_pr   inf_du lg(mu)  ||d||  lg(rg) alpha_du alpha_pr  ls
 230 4.1765004e+002 1.44e+000 2.13e-001  -5.8 2.78e+000    -  3.48e-001 2.81e-001h  1
 231 4.1294059e+002 1.31e+000 2.00e-001  -5.8 2.86e+000    -  4.75e-001 2.58e-001h  1
 232 4.1220346e+002 9.67e-001 1.72e-001  -5.8 1.18e+000    -  7.70e-001 3.46e-001h  1
 233 4.1053815e+002 5.52e-001 1.50e-001  -5.9 9.60e-001    -  1.00e+000 7.11e-001h  1
 234 4.1660880e+002 2.33e-001 2.29e-001  -5.9 1.17e+000    -  7.41e-001 8.22e-001H  1
 235 4.0965356e+002 2.49e-001 9.44e-002  -6.0 5.80e-001    -  5.43e-001 1.00e+000h  1
 236 4.0903621e+002 3.86e-002 6.90e-002  -6.4 2.03e-001    -  1.00e+000 9.86e-001h  1
 237 4.0894351e+002 1.41e-001 1.35e-001  -6.0 4.46e-001    -  1.00e+000 1.00e+000h  1
 238 4.0914040e+002 7.89e-001 2.85e-001  -5.7 2.59e+000    -  5.49e-001 4.06e-001h  1
 239 4.0887887e+002 8.91e-001 3.48e-001  -5.9 6.08e+000    -  5.53e-001 9.09e-002h  3
iter    objective    inf_pr   inf_du lg(mu)  ||d||  lg(rg) alpha_du alpha_pr  ls
 240 4.0860638e+002 1.26e+000 4.34e-001  -5.9 5.36e+000    -  1.00e+000 1.98e-001h  2
 241 4.0880291e+002 2.54e+000 5.05e-001  -5.6 6.60e+000    -  2.61e-001 3.24e-001h  2
 242 4.0781721e+002 4.71e+000 7.27e-001  -5.9 1.67e+001    -  1.48e-001 1.63e-001h  1
 243 4.0779118e+002 5.59e+000 2.79e+000  -5.3 2.33e+001    -  3.54e-001 8.66e-002f  1
 244 4.0741411e+002 5.35e+000 2.33e+000  -5.7 9.48e+000    -  7.16e-001 7.00e-002h  1
 245 4.0625501e+002 6.41e+000 3.40e+000  -5.7 1.35e+001    -  6.56e-001 1.80e-001h  1
 246 4.1119972e+002 9.71e+000 2.58e+000  -5.2 2.29e+001    -  2.26e-001 1.42e-001h  2
 247 4.1631681e+002 5.19e+000 8.77e-001  -5.6 6.02e+000    -  6.53e-002 6.89e-001H  1
 248 4.1242785e+002 5.24e+000 9.00e-001  -5.6 5.89e+000    -  2.27e-001 3.13e-001h  1
 249 4.0753875e+002 3.08e+000 5.09e-001  -5.6 2.39e+000    -  4.33e-001 4.43e-001f  1
iter    objective    inf_pr   inf_du lg(mu)  ||d||  lg(rg) alpha_du alpha_pr  ls
 250 4.0628156e+002 7.81e-002 1.29e-001  -5.8 4.27e-001    -  8.66e-001 1.00e+000h  1
 251 4.0453153e+002 2.82e-002 9.88e-002  -6.0 1.74e-001    -  1.00e+000 7.49e-001h  1
 252 4.0406957e+002 1.68e-002 6.44e-001  -6.5 1.95e-001    -  1.00e+000 4.15e-001h  1
 253 4.0309409e+002 2.07e-002 2.84e-001  -6.8 8.45e-001    -  1.00e+000 3.82e-001h  1
 254 4.0271090e+002 2.84e-002 2.47e-001  -7.5 3.49e+000    -  4.82e-001 6.86e-002h  1
 255 4.0192697e+002 1.39e-001 1.64e-001  -6.4 6.48e+000    -  3.19e-001 1.38e-001h  1
 256 4.0215694e+002 3.46e-001 5.97e-001  -5.7 3.15e+000    -  1.09e-001 5.72e-001h  1
 257 4.0191449e+002 3.45e-001 5.94e-001  -6.5 1.09e+001    -  3.20e-001 2.61e-002h  1
 258 4.0136502e+002 9.40e-001 5.43e-001  -6.0 2.42e+001    -  1.98e-001 1.00e-001f  1
 259 4.0066712e+002 9.12e-001 5.04e-001  -6.3 4.88e+000    -  9.39e-001 1.71e-001h  1
iter    objective    inf_pr   inf_du lg(mu)  ||d||  lg(rg) alpha_du alpha_pr  ls
 260 4.0236288e+002 5.08e-001 2.44e-001  -5.7 2.29e+000    -  4.52e-001 6.72e-001H  1
 261 4.0016357e+002 4.48e-001 1.65e-001  -6.0 1.87e+000    -  7.01e-001 4.49e-001h  1
 262 3.9860350e+002 2.92e-001 2.50e-001  -6.7 1.16e+000    -  8.82e-001 4.55e-001h  1
 263 3.9789785e+002 1.99e-001 1.38e-001  -6.5 9.63e-001    -  9.95e-001 5.04e-001h  1
 264 3.9757678e+002 1.79e-001 1.03e-001  -6.5 1.15e+000    -  5.60e-001 3.57e-001h  1
 265 3.9741619e+002 3.22e-001 7.52e-002  -6.0 2.30e+000    -  4.94e-001 3.35e-001h  1
 266 3.9726980e+002 4.53e-001 2.81e-001  -5.7 9.21e+000    -  1.51e-001 6.77e-002h  1
 267 3.9843020e+002 2.48e+000 2.52e-001  -5.5 1.70e+001    -  1.32e-001 1.25e-001h  1
 268 3.9797497e+002 2.74e+000 2.16e-001  -6.0 5.16e+000    -  4.53e-001 2.73e-001h  1
 269 3.9729678e+002 6.10e+000 3.75e-001  -6.0 1.27e+001    -  4.00e-001 2.27e-001f  1
iter    objective    inf_pr   inf_du lg(mu)  ||d||  lg(rg) alpha_du alpha_pr  ls
 270 3.9651834e+002 6.19e+000 4.28e-001  -6.0 2.69e+001    -  1.98e-001 2.56e-002h  1
 271 3.9594784e+002 5.90e+000 4.82e-001 -11.0 9.35e+000    -  1.40e-001 6.81e-002h  1
 272 3.9471130e+002 1.94e+000 3.51e-001  -6.1 2.82e+000    -  4.81e-001 7.19e-001f  1
 273 3.9372516e+002 1.74e+000 4.56e-001 -11.0 6.39e+000    -  2.65e-001 2.12e-001h  1
 274 3.9356434e+002 1.69e+000 4.81e-001  -5.7 5.09e+000    -  2.49e-001 1.09e-001h  1
 275 3.9342005e+002 1.72e+000 5.13e-001  -5.8 9.23e+000    -  1.33e-001 5.75e-002h  1
 276 3.9363539e+002 6.38e+000 1.90e+000  -5.6 2.34e+001    -  1.02e-001 1.56e-001h  1
 277 3.9313308e+002 6.59e+000 1.90e+000  -6.0 4.82e+001    -  1.07e-001 2.80e-002h  1
 278 3.9312359e+002 6.39e+000 1.87e+000  -5.3 1.62e+001    -  2.70e-001 5.90e-002f  1
 279 3.9438762e+002 5.29e+000 1.55e+000  -5.4 1.25e+001    -  1.33e-001 1.97e-001h  1
iter    objective    inf_pr   inf_du lg(mu)  ||d||  lg(rg) alpha_du alpha_pr  ls
 280 3.9438488e+002 3.99e+000 1.17e+000  -5.7 8.03e+000    -  2.41e-001 2.47e-001h  1
 281 3.9588669e+002 2.51e+000 6.37e-001  -5.7 3.12e+000    -  7.25e-002 4.71e-001h  1
 282 3.9333102e+002 6.10e-001 2.08e-001  -5.7 2.20e+000    -  1.22e-001 1.00e+000f  1
 283 3.9365700e+002 6.42e-001 3.25e-001  -5.4 5.14e+000    -  8.66e-001 1.68e-001h  1
 284 3.9402727e+002 6.36e-001 2.04e-001  -5.5 2.16e+000    -  4.50e-001 2.94e-001h  2
 285 3.9473289e+002 4.50e-001 2.14e-001  -5.5 2.07e+000    -  1.00e+000 5.52e-001h  1
 286 3.9473837e+002 3.41e-001 3.47e-001  -5.5 3.38e+000    -  2.23e-001 3.24e-001h  2
 287 3.9597648e+002 4.75e-001 4.82e-001  -5.3 5.75e+000    -  8.44e-001 2.86e-001h  1
 288 3.9601719e+002 4.44e-001 5.05e-001  -5.4 3.98e+000    -  3.41e-001 1.42e-001h  3
 289 3.9662713e+002 3.35e-001 4.67e-001  -5.4 1.74e+000    -  1.00e+000 4.96e-001h  1
iter    objective    inf_pr   inf_du lg(mu)  ||d||  lg(rg) alpha_du alpha_pr  ls
 290 3.9691785e+002 1.84e-001 3.42e-001  -5.4 1.21e+000    -  1.00e+000 5.00e-001f  2
 291 3.9567247e+002 2.45e-002 7.85e-002  -5.6 4.65e-001    -  1.00e+000 1.00e+000h  1
 292 3.9449071e+002 2.29e-002 5.68e-002  -5.8 3.45e-001    -  1.00e+000 9.78e-001h  1
 293 3.9340230e+002 4.77e-002 9.40e-002  -5.9 6.91e-001    -  1.00e+000 1.00e+000h  1
 294 3.9278305e+002 8.44e-002 1.16e-001  -6.2 1.59e+000    -  1.00e+000 6.49e-001h  1
 295 3.9142723e+002 3.28e-002 9.36e-002  -6.2 3.98e-001    -  7.30e-001 7.32e-001h  1
 296 3.9084317e+002 2.36e-002 5.31e-002  -6.3 3.99e-001    -  1.00e+000 5.22e-001h  1
 297 3.9046850e+002 1.84e-002 5.26e-002  -6.3 4.48e-001    -  8.84e-001 5.26e-001h  1
 298 3.9017219e+002 1.82e-002 1.61e-001  -6.7 7.92e-001    -  1.00e+000 2.34e-001h  1
 299 3.8994449e+002 2.71e-002 8.31e-002  -6.1 8.91e-001    -  4.51e-001 2.69e-001h  1
iter    objective    inf_pr   inf_du lg(mu)  ||d||  lg(rg) alpha_du alpha_pr  ls
 300 3.8976961e+002 2.85e-002 1.96e-001  -7.7 2.73e+000    -  2.05e-001 4.18e-002h  1
 301 3.8949911e+002 6.02e-002 2.37e-001  -6.1 2.77e+000    -  1.91e-001 1.16e-001h  1
 302 3.8940823e+002 7.07e-002 2.39e-001  -5.8 2.24e+000    -  3.78e-001 8.49e-002h  1
 303 3.8941877e+002 6.86e-002 4.79e+000  -5.8 9.97e-001    -  4.79e-001 4.14e-002h  1
 304 3.9006719e+002 5.23e-001 3.14e+000  -5.7 3.00e+000    -  2.50e-001 3.79e-001h  1
 305 3.8996278e+002 5.14e-001 3.33e+000  -6.0 5.54e+000    -  2.11e-001 4.57e-002h  3
 306 3.8964922e+002 5.03e-001 2.38e+000  -6.0 2.73e+000    -  3.47e-001 2.90e-001h  1
 307 3.9662276e+002 1.50e-001 2.33e-001  -6.0 1.63e-001  -4.0 6.84e-001 1.00e+000h  1
 308 3.9113119e+002 1.34e-001 3.90e-001  -6.0 4.01e-001    -  9.36e-001 4.81e-001h  1
 309 3.8982200e+002 9.64e-002 2.55e-001  -6.0 3.84e-001    -  3.46e-001 3.81e-001f  1
iter    objective    inf_pr   inf_du lg(mu)  ||d||  lg(rg) alpha_du alpha_pr  ls
 310 3.8902827e+002 1.44e-001 1.24e-001  -6.0 8.35e-001    -  1.00e+000 8.50e-001f  1
 311 3.8927422e+002 1.30e-001 2.02e-001  -5.7 1.37e+000    -  7.05e-001 2.08e-001f  2
 312 3.8855063e+002 7.71e-003 6.54e-002  -6.1 2.16e-001    -  1.00e+000 9.92e-001h  1
 313 3.8814165e+002 6.26e-003 5.60e-001  -6.7 2.70e-001    -  1.00e+000 4.01e-001h  1
 314 3.8774967e+002 5.68e-003 2.27e-001  -7.0 3.24e-001    -  1.00e+000 4.10e-001h  1
 315 3.8740415e+002 1.10e-002 6.91e-001  -6.6 3.26e+000    -  3.56e-001 8.91e-002h  1
 316 3.8721324e+002 8.55e-002 3.68e-001  -6.5 6.51e+000    -  3.66e-001 1.37e-001h  1
 317 3.8707549e+002 8.60e-002 6.16e-001  -6.3 2.94e+000    -  3.69e-001 5.83e-002h  1
 318 3.8691215e+002 3.64e-001 4.31e-001  -6.1 3.98e+000    -  3.03e-001 2.98e-001h  1
 319 3.8680928e+002 3.71e-001 3.60e-001  -5.9 4.27e+000    -  2.21e-001 9.98e-002h  2
iter    objective    inf_pr   inf_du lg(mu)  ||d||  lg(rg) alpha_du alpha_pr  ls
 320 3.8643986e+002 3.54e-001 3.87e-001  -6.2 2.74e+000    -  6.74e-001 1.62e-001h  1
 321 3.8817760e+002 3.18e-001 3.51e-001  -6.2 1.71e+000    -  8.10e-001 3.63e-001h  1
 322 3.8622666e+002 1.18e-001 1.63e-001  -6.3 1.71e-001    -  1.00e+000 6.30e-001h  1
 323 3.8594787e+002 8.85e-002 3.74e-001  -6.8 4.46e-001    -  8.68e-001 2.81e-001h  1
 324 3.8599944e+002 1.69e-001 2.11e-001  -6.2 2.27e+000    -  7.59e-001 3.48e-001H  1
 325 3.8568500e+002 2.32e-001 3.00e-001  -6.4 4.81e+000    -  2.16e-001 1.10e-001h  1
 326 3.8613049e+002 3.58e-001 4.62e-001  -5.5 1.20e+001    -  7.65e-002 8.12e-002f  1
 327 3.8587185e+002 3.75e-001 5.15e-001  -6.2 3.57e+000    -  6.32e-001 1.32e-001h  1
 328 3.8564816e+002 3.77e-001 5.54e-001  -6.2 2.81e+000    -  1.85e-001 1.86e-001h  2
 329 3.8510283e+002 3.40e-001 5.22e-001  -6.9 2.02e+000    -  5.77e-001 3.02e-001h  1
iter    objective    inf_pr   inf_du lg(mu)  ||d||  lg(rg) alpha_du alpha_pr  ls
 330 3.8506031e+002 3.53e-001 5.95e-001  -5.7 4.49e+000    -  2.71e-001 1.08e-001h  1
 331 3.8744305e+002 1.01e+000 9.31e-001  -5.6 6.00e+000    -  2.77e-001 2.83e-001h  1
 332 3.8974587e+002 4.70e-001 6.95e-001  -6.0 1.73e+000    -  7.87e-001 6.59e-001h  1
 333 3.8595144e+002 2.04e-001 5.05e-001  -6.0 2.44e-001    -  5.03e-001 5.65e-001f  1
 334 3.8531889e+002 1.10e-001 2.58e-001  -6.0 3.44e-001    -  7.08e-001 4.69e-001f  1
 335 3.8461344e+002 7.28e-003 2.00e-002  -6.2 1.32e-001    -  1.00e+000 9.58e-001f  1
 336 3.8432974e+002 3.02e-003 4.92e-002  -6.4 3.04e-001    -  1.00e+000 1.00e+000h  1
 337 3.8388663e+002 1.03e-003 1.67e-002  -6.7 7.71e-002    -  1.00e+000 8.85e-001h  1
 338 3.8378940e+002 8.96e-004 2.04e-002  -6.4 1.13e-001    -  9.34e-001 1.00e+000h  1
 339 3.8357171e+002 1.48e-003 1.20e-001  -6.7 2.26e-001    -  1.00e+000 6.14e-001h  1
iter    objective    inf_pr   inf_du lg(mu)  ||d||  lg(rg) alpha_du alpha_pr  ls
 340 3.8329743e+002 4.07e-003 9.66e-002  -6.9 4.49e-001    -  1.00e+000 3.79e-001h  1
 341 3.8318187e+002 7.25e-003 1.59e-001  -6.4 1.33e+000    -  7.28e-001 1.59e-001h  1
 342 3.8315533e+002 7.29e-003 2.90e+000  -6.5 1.97e+000    -  6.66e-001 2.40e-002h  1
 343 3.8307616e+002 1.69e-002 1.86e+000  -6.7 1.10e+000    -  1.00e+000 3.20e-001h  2
 344 3.8311477e+002 4.85e-002 8.70e-001  -6.4 1.28e+000    -  5.29e-001 5.44e-001h  1
 345 3.8322975e+002 5.07e-002 6.77e-001  -6.6 1.92e+000    -  4.99e-001 2.78e-001H  1
 346 3.8304716e+002 2.44e-002 6.98e-001  -6.6 3.72e-001    -  9.65e-001 5.74e-001f  1
 347 3.8282354e+002 1.78e-002 5.42e-001  -6.6 4.82e-001    -  6.33e-001 3.69e-001f  1
 348 3.8282694e+002 1.09e-002 1.47e-001  -6.6 3.67e-001    -  7.30e-001 5.08e-001h  1
 349 3.8258379e+002 2.42e-003 1.33e-002  -6.9 1.63e-001    -  1.00e+000 9.17e-001h  1
iter    objective    inf_pr   inf_du lg(mu)  ||d||  lg(rg) alpha_du alpha_pr  ls
 350 3.8245332e+002 2.36e-003 8.16e-002  -7.5 3.13e-001    -  9.82e-001 5.04e-001h  1
 351 3.8237269e+002 2.29e-003 1.35e-001  -7.2 5.82e-001    -  1.00e+000 3.30e-001h  1
 352 3.8231146e+002 2.81e-003 1.45e-001  -7.2 1.53e+000    -  3.89e-001 1.12e-001h  1
 353 3.8225248e+002 2.31e-002 2.97e-001  -6.6 7.11e+000    -  2.10e-001 1.11e-001h  1
 354 3.8220247e+002 2.51e-002 3.55e-001  -7.3 4.23e+000    -  2.57e-001 7.13e-002h  1
 355 3.8213914e+002 3.12e-002 6.76e-001  -7.1 1.65e+000    -  7.13e-001 3.44e-001h  1
 356 3.8214285e+002 6.44e-002 5.28e-001  -6.6 3.81e+000    -  2.96e-001 1.98e-001h  1
 357 3.8208947e+002 6.37e-002 5.20e-001  -7.0 5.13e+000    -  1.58e-001 2.88e-002h  1
 358 3.8204071e+002 6.42e-002 3.26e-001  -6.6 3.44e+000    -  4.69e-001 1.21e-001f  2
 359 3.8229224e+002 7.49e-002 2.84e-001  -6.5 3.04e+000    -  4.03e-001 2.69e-001H  1
iter    objective    inf_pr   inf_du lg(mu)  ||d||  lg(rg) alpha_du alpha_pr  ls
 360 3.8211266e+002 7.02e-002 2.84e-001  -6.7 2.26e+000    -  1.41e-001 2.01e-001h  1
 361 3.8204109e+002 6.96e-002 4.14e-001  -6.4 4.51e+000    -  2.70e-001 7.38e-002f  3
 362 3.8181526e+002 4.74e-002 3.06e-001  -7.2 1.14e+000    -  6.50e-001 5.28e-001h  1
 363 3.8171527e+002 4.76e-002 2.74e-001 -11.0 3.39e+000    -  1.68e-001 1.07e-001h  1
 364 3.8180169e+002 4.54e-002 2.61e-001  -6.7 2.07e+000    -  5.11e-001 2.43e-001h  1
 365 3.8166094e+002 3.51e-002 2.05e-001  -8.3 6.20e-001    -  6.98e-001 2.37e-001h  1
 366 3.8152465e+002 3.65e-002 1.80e-001  -7.0 2.72e+000    -  3.67e-001 1.80e-001h  1
 367 3.8144343e+002 3.77e-002 2.34e-001  -7.1 5.41e+000    -  3.94e-001 6.43e-002h  1
 368 3.8140213e+002 3.70e-002 3.75e-001  -7.1 2.87e+000    -  3.43e-001 1.31e-001h  2
 369 3.8136659e+002 5.03e-002 4.46e-001  -6.8 8.41e+000    -  2.82e-001 8.86e-002h  1
iter    objective    inf_pr   inf_du lg(mu)  ||d||  lg(rg) alpha_du alpha_pr  ls
 370 3.8145109e+002 5.95e-002 4.13e-001  -6.1 8.13e+000    -  9.11e-002 8.34e-002h  1
 371 3.8134243e+002 1.06e-001 3.89e-001  -6.9 2.06e+001    -  1.15e-001 6.72e-002h  1
 372 3.8129498e+002 1.28e-001 4.37e-001  -5.9 4.76e+001    -  1.07e-001 2.28e-002f  1
 373 3.8173465e+002 2.55e-001 7.28e-001  -5.9 3.76e+001    -  7.82e-002 8.15e-002h  1
 374 3.8168727e+002 2.52e-001 7.55e-001  -6.6 2.04e+001    -  1.22e-001 1.45e-002h  1
 375 3.8159802e+002 2.37e-001 7.90e-001  -6.6 8.89e+000    -  6.75e-001 7.81e-002f  3
 376 3.8248216e+002 2.48e-001 8.80e-001  -6.6 8.02e+000    -  1.04e-001 3.27e-001H  1
 377 3.8383418e+002 2.59e-001 8.38e-001  -6.6 6.03e+000    -  1.64e-001 3.49e-001h  1
 378 3.8203493e+002 1.68e-001 5.28e-001  -6.6 1.77e+000    -  4.98e-001 4.33e-001f  1
 379 3.8142168e+002 1.51e-001 3.99e-001  -6.6 3.18e+000    -  1.34e-001 1.51e-001f  1
iter    objective    inf_pr   inf_du lg(mu)  ||d||  lg(rg) alpha_du alpha_pr  ls
 380 3.8133876e+002 1.46e-001 3.92e-001  -6.6 2.54e+000    -  8.10e-003 3.23e-002f  1
 381 3.8128551e+002 1.38e-001 3.19e+003  -6.6 1.14e+000    -  1.67e-008 5.81e-002f  1
 382 3.8095159e+002 9.57e-002 2.14e+003 -11.0 1.44e+000    -  1.55e-001 3.29e-001h  1
 383 3.8087768e+002 8.74e-002 1.95e+003 -11.0 9.22e-001    -  5.40e-001 8.76e-002h  1
 384 3.8070913e+002 6.09e-002 1.35e+003 -11.0 6.36e-001    -  6.25e-001 3.09e-001h  1
 385 3.8057444e+002 4.08e-002 8.86e+002 -11.0 6.62e-001    -  5.10e-001 3.43e-001h  1
 386 3.8051791e+002 3.42e-002 7.39e+002  -8.6 5.42e-001    -  1.78e-001 1.65e-001h  1
 387 3.8043914e+002 2.45e-002 5.25e+002  -8.7 5.29e-001    -  3.62e-001 2.90e-001h  1
 388 3.8039592e+002 2.10e-002 4.45e+002  -8.3 7.35e-001    -  4.45e-001 1.53e-001h  1
 389 3.8035455e+002 1.85e-002 3.87e+002 -11.0 1.15e+000    -  1.34e-001 1.30e-001h  1
iter    objective    inf_pr   inf_du lg(mu)  ||d||  lg(rg) alpha_du alpha_pr  ls
 390 3.8033533e+002 1.76e-002 3.67e+002  -8.1 1.44e+000    -  2.22e-001 5.09e-002h  1
 391 3.8030483e+002 1.67e-002 3.43e+002  -7.2 2.77e+000    -  5.56e-002 6.67e-002h  1
 392 3.8028923e+002 1.60e-002 3.27e+002  -7.6 2.03e+000    -  3.32e-001 4.47e-002h  1
 393 3.8027641e+002 1.42e-002 2.83e+002  -7.4 1.75e+000    -  2.99e-001 1.35e-001h  1
 394 3.8024878e+002 1.15e-002 2.27e+002  -7.6 6.51e-001    -  1.00e+000 1.99e-001h  1
 395 3.8025399e+002 1.04e-002 2.00e+002  -6.9 2.16e+000    -  1.44e-001 1.20e-001h  1
 396 3.8024758e+002 7.30e-003 1.37e+002  -7.5 5.84e-001    -  8.12e-001 3.12e-001h  1
 397 3.8021881e+002 6.27e-003 1.18e+002  -8.5 3.77e-001    -  8.45e-001 1.44e-001h  1
 398 3.8016631e+002 4.46e-003 8.24e+001 -11.0 3.39e-001    -  5.99e-001 3.00e-001h  1
 399 3.8015894e+002 4.20e-003 7.76e+001  -9.1 2.00e-001    -  5.55e-001 5.81e-002h  1
iter    objective    inf_pr   inf_du lg(mu)  ||d||  lg(rg) alpha_du alpha_pr  ls
 400 3.8012914e+002 3.00e-003 5.38e+001  -8.3 3.99e-001    -  6.95e-001 3.07e-001h  1
 401 3.8012042e+002 2.71e-003 4.64e+001  -7.4 1.11e+000    -  2.25e-001 1.38e-001h  1
 402 3.8010933e+002 2.57e-003 4.32e+001  -8.0 1.36e+000    -  3.22e-001 6.83e-002h  1
 403 3.8010040e+002 2.56e-003 4.05e+001  -7.4 3.07e+000    -  1.59e-001 6.38e-002h  1
 404 3.8008958e+002 2.69e-003 3.81e+001  -7.2 4.37e+000    -  1.19e-001 5.82e-002h  1
 405 3.8008586e+002 2.63e-003 3.40e+001  -7.2 2.38e+000    -  3.76e-001 1.08e-001h  1
 406 3.8006651e+002 2.80e-003 3.31e+001  -7.1 8.66e+000    -  1.48e-001 2.57e-002h  1
 407 3.8005741e+002 3.11e-003 3.26e+001  -6.6 1.67e+001    -  5.03e-002 1.58e-002h  1
 408 3.8004973e+002 3.08e-003 3.20e+001  -7.6 3.66e+000    -  2.43e-001 1.92e-002h  1
 409 3.8020634e+002 1.74e-002 2.77e+001  -6.6 1.13e+001    -  1.48e-001 1.33e-001h  1
iter    objective    inf_pr   inf_du lg(mu)  ||d||  lg(rg) alpha_du alpha_pr  ls
 410 3.8016690e+002 1.91e-002 2.68e+001  -7.2 1.66e+001    -  1.51e-001 3.38e-002h  1
 411 3.8016251e+002 1.95e-002 2.50e+001  -7.2 8.27e+000    -  2.29e-001 6.58e-002f  2
 412 3.8020662e+002 1.10e-002 1.46e+001  -7.2 1.94e+000    -  3.71e-001 4.17e-001h  1
 413 3.8012549e+002 1.00e-002 1.16e+001  -7.2 1.06e+000    -  2.94e-001 2.04e-001f  2
 414 3.7999855e+002 6.07e-003 6.58e+000  -7.2 7.40e-001    -  4.05e-001 4.33e-001h  1
 415 3.8037777e+002 8.09e-003 4.19e+000  -6.5 2.61e+000    -  2.42e-001 3.63e-001f  2
 416 3.8080647e+002 4.72e-003 9.43e-001  -7.0 3.08e-001    -  9.65e-001 7.75e-001h  1
 417 3.8015417e+002 3.47e-003 4.12e-001  -7.0 5.12e-001    -  2.36e-001 5.64e-001f  1
 418 3.8006210e+002 1.75e-003 7.26e+000  -7.0 2.84e-001    -  1.68e-004 5.00e-001f  2
 419 3.8005825e+002 4.13e-004 4.99e-001  -7.2 3.82e-001    -  1.00e+000 9.31e-001h  1
iter    objective    inf_pr   inf_du lg(mu)  ||d||  lg(rg) alpha_du alpha_pr  ls
 420 3.8003527e+002 3.31e-004 1.54e-002  -7.0 1.59e-001    -  1.00e+000 1.00e+000h  1
 421 3.7994779e+002 1.95e-004 2.05e-001  -7.8 8.46e-002    -  1.00e+000 5.10e-001h  1
 422 3.7990475e+002 1.23e-004 9.24e-002  -7.7 1.03e-001    -  9.19e-001 4.75e-001h  1
 423 3.7986235e+002 1.39e-004 1.32e-001  -7.9 2.43e-001    -  9.35e-001 3.88e-001h  1
 424 3.7982700e+002 2.79e-004 5.78e-002  -8.3 2.33e-001    -  1.00e+000 3.81e-001h  1
 425 3.7982428e+002 9.24e-004 5.15e-002  -7.5 4.51e-001    -  5.59e-001 3.02e-001h  1
 426 3.7980802e+002 8.43e-004 9.71e-002  -7.7 2.39e-001    -  1.00e+000 3.73e-001h  1
 427 3.7978767e+002 1.13e-003 6.99e-002  -8.9 5.28e-001    -  5.92e-001 2.67e-001h  1
 428 3.7977382e+002 1.28e-003 3.25e-002  -8.2 5.77e-001    -  7.55e-001 2.19e-001h  1
 429 3.7976619e+002 1.26e-003 3.36e-002  -7.9 6.75e-001    -  2.92e-001 1.02e-001h  1
iter    objective    inf_pr   inf_du lg(mu)  ||d||  lg(rg) alpha_du alpha_pr  ls
 430 3.7975293e+002 3.47e-003 2.23e-002  -7.6 1.25e+000    -  3.74e-001 2.43e-001h  1
 431 3.7976036e+002 4.82e-003 3.77e-002  -7.4 2.59e+000    -  3.89e-001 9.57e-002h  1
 432 3.7975982e+002 4.80e-003 2.92e-002  -7.7 1.12e+000    -  4.70e-001 3.05e-003h  1
 433 3.7975258e+002 5.85e-003 3.37e-002  -7.7 5.36e+000    -  8.11e-002 2.64e-002h  3
 434 3.7973810e+002 1.48e-002 6.09e-002  -7.4 2.19e+000    -  4.72e-001 1.84e-001h  1
 435 3.7975484e+002 2.35e-002 1.12e-001  -7.0 6.84e+000    -  2.21e-001 6.22e-002h  2
 436 3.7973853e+002 2.32e-002 1.53e-001  -7.5 2.12e+000    -  3.53e-001 1.61e-001h  2
 437 3.7972789e+002 2.38e-002 1.23e-001  -7.5 3.50e+000    -  3.29e-001 7.93e-002h  3
 438 3.7981242e+002 5.99e-002 1.41e-001  -7.1 3.64e+000    -  3.27e-001 3.03e-001h  1
 439 3.7978992e+002 5.98e-002 1.95e-001  -7.4 1.33e+001    -  1.03e-001 1.04e-002h  1
iter    objective    inf_pr   inf_du lg(mu)  ||d||  lg(rg) alpha_du alpha_pr  ls
 440 3.7977495e+002 6.17e-002 1.88e-001  -7.4 1.23e+001    -  1.60e-001 3.88e-002h  2
 441 3.7976495e+002 6.17e-002 2.30e-001  -7.4 6.01e+000    -  3.91e-001 1.13e-001h  2
 442 3.7970395e+002 7.64e-002 3.12e-001  -7.4 1.78e+001    -  2.01e-001 6.00e-002h  2
 443 3.7979184e+002 8.64e-002 3.98e-001  -6.4 2.31e+001    -  9.27e-002 4.71e-002h  2
 444 3.7975869e+002 8.45e-002 4.16e-001  -7.2 9.77e+000    -  1.68e-001 3.19e-002h  3
 445 3.8004871e+002 7.58e-002 2.44e-001  -7.2 1.57e+000    -  1.96e-001 3.73e-001h  1
 446 3.7977282e+002 5.78e-002 1.60e-001  -7.2 1.69e+000    -  2.27e-001 3.83e-001f  1
 447 3.7962310e+002 5.39e-002 1.02e-001  -7.2 1.97e+000    -  2.17e-001 7.69e-002f  3
 448 3.7951781e+002 2.03e-002 7.80e-002  -7.6 4.58e-001    -  8.28e-001 6.69e-001h  1
 449 3.7956634e+002 1.85e-002 5.22e-001  -7.7 1.63e+000    -  4.03e-001 1.45e-001h  1
iter    objective    inf_pr   inf_du lg(mu)  ||d||  lg(rg) alpha_du alpha_pr  ls
 450 3.7945837e+002 8.29e-004 1.33e-002  -7.6 1.59e-001    -  1.00e+000 1.00e+000h  1
 451 3.7941929e+002 6.72e-004 5.25e-002  -8.6 1.63e-001    -  8.55e-001 4.45e-001h  1
 452 3.7939916e+002 3.28e-004 7.80e-002  -8.4 6.82e-002    -  1.00e+000 5.61e-001h  1
 453 3.7938066e+002 2.77e-004 1.30e-001  -8.8 2.39e-001    -  9.50e-001 3.60e-001h  1
 454 3.7937699e+002 3.18e-004 9.59e-002  -7.8 4.15e-001    -  1.09e-001 2.59e-001h  1
 455 3.7937279e+002 3.22e-004 1.86e-001  -8.2 4.95e-001    -  9.28e-001 7.22e-002h  1
 456 3.7936289e+002 6.61e-004 1.41e-001  -8.2 7.10e-001    -  2.39e-001 2.03e-001h  1
 457 3.7935642e+002 8.88e-004 1.29e-001  -7.5 2.52e+000    -  1.42e-001 4.55e-002h  1
 458 3.7936492e+002 4.37e-003 1.27e-001  -7.5 4.22e+000    -  1.89e-001 1.05e-001h  1
 459 3.7935735e+002 4.47e-003 1.24e-001  -8.0 1.75e+000    -  2.35e-001 9.94e-002h  1
iter    objective    inf_pr   inf_du lg(mu)  ||d||  lg(rg) alpha_du alpha_pr  ls
 460 3.7933830e+002 2.86e-003 5.32e-002  -8.0 4.78e-001    -  5.83e-001 4.35e-001f  1
 461 3.7932989e+002 2.39e-003 6.41e-002 -11.0 8.64e-001    -  1.31e-001 1.60e-001h  1
 462 3.7931677e+002 1.51e-003 4.66e-002  -9.0 1.30e-001    -  5.45e-001 3.77e-001h  1
 463 3.7930711e+002 3.19e-004 3.63e-002  -8.5 4.37e-002    -  1.00e+000 8.15e-001h  1
 464 3.7930674e+002 1.27e-004 1.59e-002  -8.2 7.06e-002    -  9.00e-001 5.84e-001h  1
 465 3.7929973e+002 1.58e-004 1.33e-002  -9.0 2.92e-001    -  5.16e-001 3.99e-001h  1
 466 3.7929568e+002 2.13e-004 7.39e-002  -8.2 1.79e+000    -  2.82e-001 4.98e-002h  1
 467 3.7929361e+002 2.30e-004 6.42e-001  -7.6 5.90e+000    -  5.24e-002 8.33e-003h  1
 468 3.7930618e+002 1.51e-003 5.85e-001  -7.5 3.92e+000    -  5.35e-002 9.39e-002h  1
 469 3.7929976e+002 1.54e-003 5.42e-001  -8.3 1.48e+000    -  1.80e-001 8.20e-002h  1
iter    objective    inf_pr   inf_du lg(mu)  ||d||  lg(rg) alpha_du alpha_pr  ls
 470 3.7928972e+002 1.57e-003 5.09e-001  -8.3 1.67e+000    -  2.88e-001 6.00e-002f  1
 471 3.7928169e+002 1.67e-003 4.87e-001  -7.7 3.86e+000    -  1.94e-001 3.77e-002f  1
 472 3.7927822e+002 1.65e-003 4.27e-001  -9.0 1.68e+000    -  2.29e-001 1.25e-001h  2
 473 3.7927466e+002 1.03e-003 2.49e-001  -8.3 1.98e-001    -  7.32e-001 4.22e-001h  1
 474 3.7926588e+002 8.51e-004 2.12e-001 -11.0 1.23e-001    -  4.82e-001 1.76e-001h  1
 475 3.7925441e+002 5.40e-004 1.29e-001  -8.8 1.13e-001    -  2.99e-001 3.92e-001h  1
 476 3.7925111e+002 3.72e-004 7.62e-002  -8.8 1.75e-001    -  7.48e-001 3.90e-001h  1
 477 3.7924590e+002 3.14e-004 6.07e-002  -8.9 2.02e-001    -  6.91e-001 2.05e-001h  1
 478 3.7924317e+002 3.07e-004 7.13e-002  -9.0 5.38e-001    -  5.68e-001 4.76e-002h  1
 479 3.7924237e+002 5.56e-004 9.55e-002  -7.7 9.72e-001    -  7.80e-002 1.49e-001h  1
iter    objective    inf_pr   inf_du lg(mu)  ||d||  lg(rg) alpha_du alpha_pr  ls
 480 3.7923974e+002 5.70e-004 6.17e-001  -7.7 1.61e+000    -  1.41e-001 2.37e-002h  1
 481 3.7925827e+002 1.38e-003 6.94e-001  -7.3 1.40e+000    -  7.77e-002 1.44e-001h  1
 482 3.7924965e+002 2.06e-003 6.20e-001  -8.2 1.42e+000    -  1.70e-001 1.40e-001h  1
 483 3.7923936e+002 2.45e-003 6.34e-001  -8.2 4.61e+000    -  8.42e-002 3.22e-002f  1
 484 3.7922889e+002 3.42e-003 6.27e-001  -8.2 1.04e+001    -  5.57e-002 2.22e-002f  1
 485 3.7922280e+002 8.35e-003 5.51e-001  -7.3 5.39e+000    -  2.41e-001 9.86e-002f  1
 486 3.7920924e+002 1.05e-002 5.33e-001  -8.0 1.11e+001    -  4.01e-002 3.30e-002h  1
 487 3.7922483e+002 1.99e-002 4.89e-001  -7.2 1.23e+001    -  1.21e-001 7.80e-002h  1
 488 3.7921885e+002 2.36e-002 4.69e-001  -7.7 1.29e+001    -  5.38e-002 3.97e-002h  1
 489 3.7921020e+002 2.44e-002 4.44e-001  -7.7 9.40e+000    -  1.38e-001 3.44e-002h  2
iter    objective    inf_pr   inf_du lg(mu)  ||d||  lg(rg) alpha_du alpha_pr  ls
 490 3.7919886e+002 2.58e-002 4.04e-001  -7.7 5.58e+000    -  2.31e-001 9.09e-002h  1
 491 3.7918393e+002 2.53e-002 3.86e-001  -7.2 5.03e+000    -  9.25e-002 4.40e-002f  2
 492 3.7919861e+002 2.12e-002 3.75e-001  -7.0 2.53e+000    -  1.74e-001 1.98e-001h  2
 493 3.7916901e+002 1.50e-002 2.16e-001  -7.5 1.01e+000    -  5.24e-001 3.04e-001h  1
 494 3.7913667e+002 7.04e-003 1.28e-001  -7.8 6.32e-001    -  6.99e-001 6.17e-001h  1
 495 3.7912889e+002 6.19e-003 2.39e-001  -7.4 2.24e+000    -  7.42e-001 1.75e-001h  1
 496 3.7911970e+002 5.75e-003 7.07e-001 -11.0 1.66e-001    -  5.20e-001 7.25e-002h  1
 497 3.7909193e+002 2.65e-003 1.79e-001  -7.8 4.31e-001    -  8.75e-001 7.63e-001h  1
 498 3.7908800e+002 2.86e-003 3.89e-001  -7.8 2.09e+000    -  4.05e-001 9.87e-002h  2
 499 3.7914303e+002 1.75e-003 2.03e-001  -8.3 1.17e+000    -  4.37e-001 4.66e-001h  1
iter    objective    inf_pr   inf_du lg(mu)  ||d||  lg(rg) alpha_du alpha_pr  ls
 500 3.7904803e+002 8.53e-004 6.14e-002  -8.6 2.27e-001    -  6.49e-001 6.96e-001h  1
 501 3.7905844e+002 6.71e-004 3.99e-002  -7.8 3.57e-001    -  3.56e-001 3.06e-001h  1
 502 3.7902450e+002 7.97e-005 4.77e-003  -8.3 9.47e-002    -  1.00e+000 1.00e+000h  1
 503 3.7903212e+002 3.39e-004 5.96e-002  -7.9 3.14e-001    -  6.55e-001 5.71e-001h  1
 504 3.7902278e+002 5.19e-004 4.39e-002  -8.1 6.81e-001    -  5.81e-001 2.41e-001h  1
 505 3.7900660e+002 7.91e-004 4.35e-002 -11.0 3.44e+000    -  7.80e-002 5.03e-002h  1
 506 3.7898424e+002 2.48e-003 7.15e-002 -10.2 1.75e+001    -  4.90e-002 2.30e-002h  1
 507 3.7897785e+002 3.16e-003 8.39e-002  -7.6 9.92e+000    -  3.86e-002 2.76e-002h  2
 508 3.7898791e+002 5.13e-003 1.50e-001  -7.5 4.86e+000    -  2.23e-001 9.85e-002h  1
 509 3.7898161e+002 5.25e-003 7.01e-002  -8.0 6.47e+000    -  1.47e-001 2.52e-002h  3
iter    objective    inf_pr   inf_du lg(mu)  ||d||  lg(rg) alpha_du alpha_pr  ls
 510 3.7895578e+002 8.09e-003 6.18e-002  -8.0 1.74e+001    -  4.54e-002 3.29e-002h  1
 511 3.7898573e+002 1.37e-002 1.43e-001  -6.4 5.82e+001    -  3.46e-002 1.38e-002f  1
 512 3.7897263e+002 1.44e-002 2.70e-001  -7.7 1.53e+001    -  3.03e-002 2.29e-002h  1
 513 3.7896181e+002 1.58e-002 2.03e-001  -7.7 1.43e+001    -  1.44e-001 3.46e-002f  1
 514 3.7895405e+002 1.70e-002 2.10e-001  -7.7 1.36e+001    -  6.36e-002 3.73e-002h  3
 515 3.7895079e+002 1.66e-002 2.06e-001  -7.3 6.06e+000    -  3.03e-002 3.88e-002h  3
 516 3.7898025e+002 5.71e-003 1.59e-001  -7.3 8.55e-001    -  3.00e-001 6.77e-001h  1
 517 3.7894974e+002 3.77e-003 1.50e-001  -7.6 6.16e-001    -  8.03e-001 4.30e-001h  1
 518 3.7895135e+002 2.63e-003 1.11e-001  -7.3 1.04e+000    -  4.09e-001 3.28e-001f  1
 519 3.7892769e+002 1.43e-003 2.48e-002  -7.5 4.24e-001    -  1.00e+000 9.89e-001h  1
iter    objective    inf_pr   inf_du lg(mu)  ||d||  lg(rg) alpha_du alpha_pr  ls
 520 3.7891310e+002 1.42e-003 3.61e-001  -7.5 1.53e+000    -  6.44e-001 7.42e-002h  1
 521 3.7890497e+002 1.71e-003 1.03e+000  -8.4 1.93e+000    -  5.27e-001 1.27e-001h  3
 522 3.7939583e+002 1.18e-003 2.13e-001  -7.5 6.00e-001    -  1.00e+000 6.72e-001H  1
 523 3.7888689e+002 1.52e-003 1.79e-002  -7.6 4.37e-001    -  5.21e-001 1.00e+000h  1
 524 3.7932559e+002 4.03e-004 2.08e-001  -7.3 2.21e-001    -  5.94e-001 8.55e-001h  1
 525 3.7886013e+002 6.49e-004 6.01e-003  -7.4 3.12e-001    -  1.00e+000 1.00e+000h  1
 526 3.7888248e+002 1.91e-004 1.71e-002  -7.5 1.47e-001    -  1.00e+000 9.86e-001h  1
 527 3.7882455e+002 2.87e-005 1.85e-002  -7.7 3.19e-002    -  1.00e+000 8.64e-001h  1
 528 3.7881197e+002 2.02e-005 1.44e-001  -8.6 1.62e-002    -  1.00e+000 3.14e-001h  1
 529 3.7878845e+002 1.40e-005 1.16e-001  -8.9 4.73e-002    -  1.00e+000 5.58e-001h  1
iter    objective    inf_pr   inf_du lg(mu)  ||d||  lg(rg) alpha_du alpha_pr  ls
 530 3.7878182e+002 3.04e-005 2.17e-001  -8.9 2.01e-001    -  1.00e+000 2.05e-001h  1
 531 3.7877569e+002 4.83e-005 2.86e-001  -9.3 2.76e-001    -  1.00e+000 1.54e-001h  1
 532 3.7876699e+002 1.92e-004 2.56e-001  -8.5 6.90e+000    -  1.30e-001 1.52e-002h  1
 533 3.7876284e+002 2.41e-004 7.30e-001 -10.5 5.41e+000    -  8.66e-002 1.21e-002h  1
 534 3.7876185e+002 3.49e-004 6.57e-001  -7.5 2.10e+000    -  7.44e-003 4.65e-002h  1
In iteration 534, 1 Slack too small, adjusting variable bound
 535 3.7876168e+002 3.49e-004 6.56e-001  -9.0 2.11e+000    -  9.37e-002 9.39e-004h  1
 536 3.7874715e+002 8.81e-004 6.51e-001  -9.0 2.81e+001    -  1.53e-003 7.72e-003h  1
 537 3.7873866e+002 1.23e-003 6.45e-001  -7.5 3.23e+001    -  1.12e-001 5.44e-003f  1
 538 3.7874158e+002 2.49e-003 6.33e-001  -7.1 1.61e+001    -  8.63e-002 2.11e-002h  1
 539 3.7873911e+002 2.77e-003 6.14e-001  -8.0 6.12e+000    -  7.67e-002 3.09e-002h  3
iter    objective    inf_pr   inf_du lg(mu)  ||d||  lg(rg) alpha_du alpha_pr  ls
 540 3.7873322e+002 3.60e-003 5.70e-001  -8.0 4.74e+000    -  8.56e-002 7.17e-002h  2
 541 3.7871846e+002 4.84e-003 5.54e-001  -7.6 1.51e+001    -  1.05e-001 2.70e-002h  1
 542 3.7871343e+002 4.83e-003 5.52e-001  -7.9 8.53e+000    -  9.13e-002 3.53e-003h  1
 543 3.7870777e+002 3.93e-003 4.49e-001  -8.0 6.72e-002    -  6.69e-001 1.86e-001h  1
 544 3.7874228e+002 9.18e-005 6.67e-001  -7.5 9.29e-002    -  3.35e-001 1.00e+000h  1
 545 3.7876899e+002 2.40e-008 2.68e-003  -7.5 9.68e-002    -  9.75e-001 1.00e+000H  1
 546 3.7872210e+002 2.71e-005 6.33e-002  -8.0 8.01e-002    -  1.00e+000 5.89e-001h  1
 547 3.7871759e+002 1.69e-006 3.76e-003  -7.7 1.37e-002    -  9.54e-001 1.00e+000h  1
 548 3.7869902e+002 2.57e-006 4.17e-002  -8.4 1.72e-002    -  1.00e+000 6.07e-001h  1
 549 3.7868619e+002 4.06e-006 2.61e-002  -8.9 2.07e-002    -  1.00e+000 4.99e-001h  1
iter    objective    inf_pr   inf_du lg(mu)  ||d||  lg(rg) alpha_du alpha_pr  ls
 550 3.7868011e+002 2.26e-005 2.44e-002 -10.7 2.69e-001    -  2.87e-001 2.02e-001h  1
 551 3.7867816e+002 3.56e-005 2.85e-002  -8.4 5.26e-001    -  4.75e-001 7.95e-002h  1
 552 3.7867427e+002 7.78e-005 4.37e-002  -8.6 4.41e-001    -  4.24e-001 1.71e-001h  1
 553 3.7868179e+002 9.10e-004 2.63e-002  -7.7 1.65e+000    -  1.10e-001 1.86e-001h  1
 554 3.7867922e+002 9.05e-004 3.71e-002  -8.5 1.62e+000    -  9.38e-002 3.21e-002h  1
 555 3.7867542e+002 8.82e-004 7.90e-002  -8.5 9.71e-001    -  3.03e-001 5.88e-002f  1
 556 3.7867106e+002 5.41e-004 4.69e-001  -8.5 1.86e-001    -  6.14e-002 4.67e-001f  1
 557 3.7866464e+002 4.18e-004 3.62e-001 -11.0 1.00e-001    -  4.54e-001 2.26e-001h  1
 558 3.7866560e+002 3.66e-004 3.42e-001  -7.9 8.81e-002    -  2.71e-001 1.26e-001h  1
 559 3.7867174e+002 8.20e-005 6.70e-002  -8.4 1.04e-001    -  7.55e-001 8.08e-001h  1
iter    objective    inf_pr   inf_du lg(mu)  ||d||  lg(rg) alpha_du alpha_pr  ls
 560 3.7865970e+002 1.02e-005 2.72e-003  -8.5 3.06e-002    -  1.00e+000 9.86e-001h  1
 561 3.7865772e+002 1.93e-006 2.33e-003  -8.5 1.06e-002    -  1.00e+000 9.33e-001h  1
 562 3.7866141e+002 7.09e-006 1.45e-003  -8.3 3.34e-002    -  9.31e-001 9.44e-001h  1
 563 3.7865896e+002 1.13e-004 8.04e-003  -8.4 2.93e-001    -  4.42e-001 3.77e-001h  1
 564 3.7865715e+002 2.41e-004 9.17e-003  -8.4 2.18e+000    -  4.17e-002 5.69e-002f  1
 565 3.7865632e+002 2.46e-004 3.55e-001  -8.5 1.23e+000    -  4.63e-001 3.96e-002f  3
 566 3.7865404e+002 2.29e-004 2.69e-001  -8.5 4.38e-001    -  2.30e-001 2.38e-001h  2
 567 3.7865157e+002 2.98e-004 3.65e-001  -8.7 2.99e+000    -  1.72e-001 4.22e-002h  1
 568 3.7868407e+002 1.11e-003 3.87e-001  -7.3 3.40e+000    -  3.13e-002 1.31e-001h  1
 569 3.7867828e+002 1.08e-003 3.47e-001  -8.4 1.30e+000    -  1.01e-001 7.00e-002h  1
iter    objective    inf_pr   inf_du lg(mu)  ||d||  lg(rg) alpha_du alpha_pr  ls
 570 3.7867116e+002 1.11e-003 3.27e-001  -8.4 2.40e+000    -  4.71e-002 2.96e-002f  1
 571 3.7865847e+002 1.30e-003 3.17e-001  -8.4 1.32e+000    -  6.02e-002 6.44e-002f  1
 572 3.7864815e+002 1.28e-003 2.77e-001  -8.4 9.84e-001    -  1.40e-001 1.08e-001f  1
 573 3.7864903e+002 1.57e-003 2.69e-001  -7.8 2.03e+000    -  2.52e-001 1.34e-001f  2
 574 3.7864304e+002 1.50e-003 2.95e-001  -8.2 1.26e+000    -  3.75e-001 1.76e-001h  2
 575 3.7864251e+002 2.10e-003 2.87e-001  -7.0 6.78e+000    -  4.02e-002 4.28e-002h  1
 576 3.7863343e+002 4.68e-003 2.85e-001  -8.1 4.64e+001    -  1.52e-002 1.30e-002h  1
 577 3.7863196e+002 1.38e-002 2.69e-001 -11.0 3.86e+001    -  2.13e-002 3.69e-002h  1
 578 3.7862385e+002 1.45e-002 2.90e-001  -7.2 5.07e+001    -  6.68e-002 1.01e-002h  1
 579 3.7861792e+002 1.45e-002 2.93e-001 -11.0 2.93e+001    -  1.39e-002 5.45e-003h  1
iter    objective    inf_pr   inf_du lg(mu)  ||d||  lg(rg) alpha_du alpha_pr  ls
 580 3.7861428e+002 1.52e-002 2.88e-001  -7.0 2.93e+001    -  2.07e-002 1.94e-002h  1
 581 3.7861459e+002 1.63e-002 2.72e-001  -6.8 2.49e+001    -  4.29e-002 2.37e-002h  1
 582 3.7861102e+002 1.62e-002 2.55e-001  -7.8 1.45e+001    -  1.90e-002 5.09e-003h  1
 583 3.7860494e+002 1.66e-002 1.98e-001  -6.7 2.18e+001    -  8.75e-002 1.82e-002f  1
 584 3.7859999e+002 1.69e-002 1.89e-001  -6.8 1.81e+001    -  2.94e-002 1.20e-002h  2
 585 3.7858692e+002 1.41e-002 2.47e-001  -7.8 1.04e+000    -  7.55e-001 1.71e-001h  1
 586 3.7858261e+002 1.41e-002 2.77e-001  -8.5 5.12e+000    -  1.02e-001 5.30e-003h  1
 587 3.7861668e+002 7.95e-003 1.60e-001  -7.7 1.19e+000    -  5.64e-001 4.98e-001h  1
 588 3.7860666e+002 6.63e-003 9.83e-002  -7.3 2.16e+000    -  3.12e-001 2.28e-001h  1
 589 3.7859630e+002 6.53e-003 5.10e-002  -6.7 7.75e+000    -  1.05e-001 3.67e-002h  1
iter    objective    inf_pr   inf_du lg(mu)  ||d||  lg(rg) alpha_du alpha_pr  ls
 590 3.7859143e+002 6.45e-003 1.03e-001  -7.1 1.13e+000    -  3.56e-001 1.35e-002h  1
 591 3.7855428e+002 1.34e-004 7.29e-003  -7.6 7.91e-002    -  1.00e+000 9.97e-001h  1
 592 3.7853101e+002 6.78e-005 8.68e-002  -8.4 2.51e-002    -  1.00e+000 5.22e-001h  1
 593 3.7853001e+002 5.04e-005 7.03e-002  -7.7 4.57e-002    -  2.09e-001 2.85e-001h  1
 594 3.7852128e+002 2.03e-004 1.03e-002  -7.7 1.51e-001    -  8.54e-001 8.20e-001h  1
 595 3.7851288e+002 5.51e-004 5.29e-002  -8.0 4.75e-001    -  8.88e-001 4.16e-001h  1
 596 3.7852107e+002 3.99e-004 1.99e-002  -8.0 4.10e-001    -  1.00e+000 6.83e-001H  1
 597 3.7851871e+002 5.85e-005 9.37e-003  -7.7 5.33e-002    -  1.00e+000 1.00e+000h  1
 598 3.7850205e+002 4.31e-005 8.67e-002  -8.5 8.41e-002    -  1.00e+000 4.74e-001h  1
 599 3.7849494e+002 5.39e-005 2.43e-002  -8.2 1.81e-001    -  1.00e+000 4.02e-001h  1
iter    objective    inf_pr   inf_du lg(mu)  ||d||  lg(rg) alpha_du alpha_pr  ls
 600 3.7848650e+002 2.95e-004 2.12e-002  -8.7 4.93e-001    -  8.37e-001 4.91e-001h  1
 601 3.7848296e+002 2.73e-004 5.64e-002  -8.5 7.51e-001    -  1.00e+000 1.88e-001h  1
 602 3.7851492e+002 2.59e-004 8.13e-002  -7.6 6.46e-001    -  1.73e-001 4.80e-001h  1
 603 3.7849214e+002 1.64e-004 4.10e-002  -8.2 9.67e-002    -  1.00e+000 6.22e-001h  1
 604 3.7850451e+002 7.84e-005 4.02e-002  -7.7 1.38e-001    -  3.81e-001 1.00e+000f  1
 605 3.7848440e+002 2.02e-004 5.45e-003  -8.1 3.05e-001    -  1.00e+000 9.40e-001h  1
 606 3.7848239e+002 1.92e-004 2.38e-002  -8.1 7.10e-001    -  7.16e-001 2.49e-001f  2
 607 3.7848103e+002 1.80e-004 1.40e-002  -8.1 6.83e-001    -  1.00e+000 2.63e-001h  1
 608 3.7851565e+002 1.04e-006 1.77e-002  -8.1 3.08e-001    -  8.97e-001 1.00e+000H  1
 609 3.7849870e+002 2.29e-004 3.52e-002  -7.8 3.95e-001    -  3.48e-001 1.00e+000h  1
iter    objective    inf_pr   inf_du lg(mu)  ||d||  lg(rg) alpha_du alpha_pr  ls
 610 3.7848818e+002 1.94e-004 4.80e-002  -8.0 1.15e-001    -  9.39e-001 2.73e-001h  1
 611 3.7847060e+002 1.38e-004 2.08e-003  -8.0 3.13e-001    -  1.00e+000 1.00e+000f  1
 612 3.7847024e+002 2.10e-004 2.31e-002  -7.8 3.46e+000    -  5.56e-001 7.14e-002h  2
 613 3.7847022e+002 8.03e-004 2.87e-002 -11.0 6.58e+000    -  1.52e-001 9.58e-002h  2
 614 3.7846686e+002 1.13e-003 2.92e-002  -8.0 1.01e+001    -  1.39e-001 3.71e-002h  3
 615 3.7847777e+002 6.72e-003 3.16e-002  -6.9 2.63e+001    -  6.60e-002 5.54e-002h  1
 616 3.7847535e+002 8.63e-003 4.17e-002  -7.8 4.99e+001    -  6.86e-002 1.87e-002h  1
 617 3.7847249e+002 8.38e-003 4.16e-002  -7.8 5.30e+000    -  1.77e-001 3.52e-002h  1
 618 3.7846520e+002 6.59e-003 3.37e-002  -7.8 5.78e-001    -  2.57e-001 2.15e-001f  2
 619 3.7844902e+002 4.90e-003 2.35e-002  -8.4 4.43e-001    -  1.78e-001 2.76e-001h  1
iter    objective    inf_pr   inf_du lg(mu)  ||d||  lg(rg) alpha_du alpha_pr  ls
 620 3.7844571e+002 3.16e-003 2.00e-001  -7.9 4.90e-001    -  1.14e-001 5.31e-001h  1
 621 3.7847001e+002 2.59e-003 9.46e-002  -7.6 6.08e-001    -  5.50e-001 5.29e-001h  1
 622 3.7846133e+002 1.70e-003 6.16e-002  -7.8 5.01e-001    -  1.22e-001 3.87e-001h  1
 623 3.7844345e+002 1.40e-003 4.88e-002  -8.4 6.66e-001    -  4.84e-001 1.97e-001h  1
 624 3.7844190e+002 1.36e-003 6.14e-002  -7.5 6.09e-001    -  5.22e-001 3.32e-002h  1
 625 3.7843150e+002 5.67e-005 8.85e-003  -8.0 2.22e-001    -  1.00e+000 1.00e+000h  1
 626 3.7842957e+002 3.25e-005 9.24e-003  -8.1 1.07e-001    -  1.00e+000 9.58e-001h  1
 627 3.7841301e+002 4.43e-005 3.72e-003  -8.2 9.60e-002    -  1.00e+000 1.00e+000h  1
 628 3.7840557e+002 1.13e-005 4.05e-003  -8.6 5.31e-002    -  1.00e+000 7.68e-001h  1
 629 3.7839941e+002 6.60e-006 1.63e-003  -8.8 4.45e-002    -  1.00e+000 9.33e-001h  1
iter    objective    inf_pr   inf_du lg(mu)  ||d||  lg(rg) alpha_du alpha_pr  ls
 630 3.7840962e+002 4.04e-005 9.62e-003  -8.0 1.51e-001    -  4.82e-001 6.51e-001h  1
 631 3.7840386e+002 3.86e-005 1.66e-002  -8.4 1.50e-001    -  1.00e+000 4.91e-001h  1
 632 3.7840042e+002 4.99e-005 9.82e-003  -8.4 4.13e-001    -  6.13e-001 2.04e-001f  1
 633 3.7839862e+002 4.95e-005 1.17e-002  -8.4 2.73e-001    -  9.64e-001 3.17e-001f  2
 634 3.7840051e+002 2.27e-005 1.00e-002  -8.5 3.22e-001    -  1.00e+000 8.80e-001H  1
 635 3.7840008e+002 2.26e-005 1.03e-002  -8.6 7.96e-001    -  2.93e-001 1.02e-002h  1
 636 3.7839421e+002 7.23e-005 1.53e-002  -8.6 2.61e+000    -  2.17e-001 7.54e-002f  1
 637 3.7839087e+002 8.57e-005 1.56e-002 -10.3 8.88e-001    -  4.79e-001 1.84e-001h  2
 638 3.7838681e+002 9.57e-005 1.74e-002  -8.8 1.07e+000    -  2.38e-001 1.33e-001h  2
 639 3.7838288e+002 9.40e-005 1.32e-002  -9.1 5.40e-001    -  4.70e-001 3.37e-001h  1
iter    objective    inf_pr   inf_du lg(mu)  ||d||  lg(rg) alpha_du alpha_pr  ls
 640 3.7838301e+002 1.02e-004 1.37e-002  -8.2 9.31e-001    -  1.42e-001 1.65e-001h  1
 641 3.7838009e+002 1.11e-004 1.53e-002  -8.8 1.04e+000    -  4.67e-001 1.40e-001h  1
 642 3.7841871e+002 4.46e-004 5.95e-002  -6.8 1.88e+000    -  1.80e-002 1.03e-001f  1
 643 3.7841168e+002 7.56e-004 4.66e-002  -8.3 3.43e+000    -  4.43e-001 2.02e-001h  1
 644 3.7841078e+002 1.28e-003 4.43e-002  -8.3 1.88e+001    -  5.10e-002 4.26e-002f  1
 645 3.7840898e+002 1.32e-003 1.01e-001  -8.3 1.64e+001    -  1.64e-001 1.59e-002f  2
 646 3.7840485e+002 1.45e-003 1.06e-001  -8.3 6.28e+000    -  6.65e-002 8.88e-002h  1
 647 3.7839942e+002 1.41e-003 1.28e-001  -8.3 7.94e+000    -  1.54e-001 4.40e-002f  1
 648 3.7839656e+002 1.39e-003 8.58e-002  -8.3 1.51e+000    -  4.06e-002 1.80e-002h  1
 649 3.7838894e+002 1.22e-003 1.06e-001  -8.3 4.74e-001    -  7.69e-002 1.46e-001f  1
iter    objective    inf_pr   inf_du lg(mu)  ||d||  lg(rg) alpha_du alpha_pr  ls
 650 3.7838369e+002 1.16e-003 7.04e-002  -8.3 1.08e+000    -  1.39e-001 1.06e-001f  1
 651 3.7838142e+002 1.09e-003 6.69e-002  -8.3 8.15e-001    -  2.03e-001 2.42e-001f  1
 652 3.7837555e+002 9.34e-004 4.82e-002  -8.3 6.19e-001    -  5.53e-001 2.71e-001f  1
 653 3.7836889e+002 8.16e-004 3.59e-002 -10.0 4.75e-001    -  4.22e-001 1.47e-001h  1
 654 3.7836206e+002 6.17e-004 2.72e-002  -9.6 1.94e-001    -  5.63e-001 2.48e-001h  1
 655 3.7836117e+002 5.89e-004 2.66e-002 -11.0 1.07e-001    -  1.41e-001 4.42e-002h  1
 656 3.7835685e+002 4.68e-004 2.01e-002 -10.1 2.50e-001    -  1.18e-001 2.28e-001h  1
 657 3.7835452e+002 4.00e-004 1.73e-002  -9.1 2.74e-001    -  2.98e-001 1.59e-001h  1
 658 3.7835337e+002 3.68e-004 1.87e-002  -9.8 1.93e-001    -  6.98e-001 8.05e-002h  1
 659 3.7835106e+002 2.73e-004 1.24e-002  -9.0 2.74e-001    -  6.46e-001 2.76e-001h  1
iter    objective    inf_pr   inf_du lg(mu)  ||d||  lg(rg) alpha_du alpha_pr  ls
 660 3.7834900e+002 2.19e-004 1.06e-002 -11.0 2.22e-001    -  4.27e-001 2.10e-001h  1
 661 3.7834716e+002 1.67e-004 7.22e-003  -9.9 2.12e-001    -  7.19e-001 2.81e-001h  1
 662 3.7834773e+002 1.59e-004 1.55e-002  -8.2 5.16e-001    -  6.62e-002 1.91e-001h  1
 663 3.7834721e+002 1.54e-004 1.43e-002 -11.0 5.73e-001    -  7.37e-002 4.41e-002h  1
 664 3.7834688e+002 1.31e-004 1.41e-002  -8.7 2.96e-001    -  8.42e-001 2.27e-001h  1
 665 3.7835451e+002 1.48e-004 1.01e-002  -7.7 5.23e-001    -  1.76e-001 2.21e-001h  1
 666 3.7835333e+002 2.10e-004 2.47e-002  -8.4 8.73e-001    -  3.05e-001 1.92e-001h  1
 667 3.7835292e+002 2.04e-004 1.91e-002  -8.4 5.49e-001    -  4.62e-001 2.93e-002f  1
 668 3.7835120e+002 1.14e-004 4.10e-002  -8.4 1.86e-001    -  3.41e-001 5.00e-001f  2
 669 3.7835765e+002 1.46e-004 2.72e-002  -8.1 1.64e-001    -  7.21e-001 1.00e+000h  1
iter    objective    inf_pr   inf_du lg(mu)  ||d||  lg(rg) alpha_du alpha_pr  ls
 670 3.7839459e+002 2.16e-006 2.70e-002  -7.8 4.71e-001    -  6.84e-001 1.00e+000H  1
 671 3.7838303e+002 3.18e-004 1.35e-002  -8.1 4.28e-001    -  1.00e+000 6.40e-001h  1
 672 3.7837050e+002 1.27e-003 9.34e-003  -8.2 1.21e+000    -  2.80e-001 4.89e-001h  1
 673 3.7836829e+002 1.25e-003 1.02e-002  -8.2 1.90e+000    -  4.45e-002 1.72e-002f  1
 674 3.7836305e+002 8.52e-004 8.66e-003  -8.2 1.95e-001    -  2.40e-001 3.27e-001f  1
 675 3.7835632e+002 1.73e-004 1.13e-001  -8.2 2.21e-001    -  4.11e-002 1.00e+000f  1
 676 3.7837528e+002 9.83e-005 2.95e-002  -8.2 3.05e-001    -  7.47e-001 7.38e-001H  1
 677 3.7834883e+002 1.03e-004 4.51e-003  -8.5 1.72e-001    -  1.00e+000 9.72e-001f  1
 678 3.7834416e+002 6.85e-005 3.53e-003  -9.6 1.44e-001    -  2.98e-001 4.58e-001h  1
 679 3.7834949e+002 2.87e-006 4.67e-003  -8.4 2.82e-002    -  7.91e-001 1.00e+000h  1
iter    objective    inf_pr   inf_du lg(mu)  ||d||  lg(rg) alpha_du alpha_pr  ls
 680 3.7834520e+002 1.54e-006 1.90e-002  -9.2 1.03e-002    -  1.00e+000 4.29e-001h  1
 681 3.7834047e+002 8.84e-007 6.33e-003  -9.6 7.68e-003    -  1.00e+000 7.41e-001h  1
 682 3.7833924e+002 4.74e-007 4.26e-005 -10.1 8.62e-003    -  1.00e+000 5.87e-001h  1

Number of Iterations....: 682

                                   (scaled)                 (unscaled)
Objective...............:  1.4991331628849578e+000   3.7833923916559291e+002
Dual infeasibility......:  4.2625987744834586e-005   1.0757605909422593e-002
Constraint violation....:  5.4761715995166327e-009   4.7445359996345360e-007
Complementarity.........:  6.6545712629951926e-010   1.6794274791238307e-007
Overall NLP error.......:  4.2625987744834586e-005   1.0757605909422593e-002


Number of objective function evaluations             = 997
Number of objective gradient evaluations             = 683
Number of equality constraint evaluations            = 997
Number of inequality constraint evaluations          = 997
Number of equality constraint Jacobian evaluations   = 683
Number of inequality constraint Jacobian evaluations = 683
Number of Lagrangian Hessian evaluations             = 0
Total CPU secs in IPOPT (w/o function evaluations)   =   1943.295
Total CPU secs in NLP function evaluations           =    486.010

EXIT: Optimal Solution Found.
      solver  :   t_proc      (avg)   t_wall      (avg)    n_eval
       nlp_f  |  12.62 s ( 12.66ms)  12.62 s ( 12.66ms)       997
       nlp_g  |  15.64 s ( 15.69ms)  15.64 s ( 15.69ms)       997
  nlp_grad_f  |  26.79 s ( 39.17ms)  26.78 s ( 39.15ms)       684
   nlp_jac_g  | 430.24 s (629.01ms) 430.23 s (628.99ms)       684
       total  |   2.43ks (  2.43ks)   2.43ks (  2.43ks)         1
