This is Ipopt version 3.12.3, running with linear solver mumps.
NOTE: Other linear solvers might be more efficient (see Ipopt documentation).

Number of nonzeros in equality constraint Jacobian...:   711662
Number of nonzeros in inequality constraint Jacobian.:    65550
Number of nonzeros in Lagrangian Hessian.............:        0

Total number of variables............................:    75608
                     variables with only lower bounds:        0
                variables with lower and upper bounds:    75608
                     variables with only upper bounds:        0
Total number of equality constraints.................:    70608
Total number of inequality constraints...............:    28350
        inequality constraints with only lower bounds:    13800
   inequality constraints with lower and upper bounds:      750
        inequality constraints with only upper bounds:    13800

iter    objective    inf_pr   inf_du lg(mu)  ||d||  lg(rg) alpha_du alpha_pr  ls
   0 8.9232598e+003 5.15e+003 1.00e+002   0.0 0.00e+000    -  0.00e+000 0.00e+000   0
   1 9.4226408e+003 5.11e+003 1.34e+004   2.0 1.73e+003    -  9.23e-004 4.45e-003f  1
   2 9.3045448e+003 5.04e+003 1.28e+004   0.6 1.01e+002    -  3.13e-002 1.30e-002f  1
   3 8.9768763e+003 4.80e+003 1.11e+004   0.6 1.23e+002    -  2.49e-002 4.92e-002f  1
   4 9.0310263e+003 4.71e+003 1.07e+004   1.0 1.72e+002    -  1.11e-001 1.83e-002f  1
   5 9.2174716e+003 4.59e+003 1.31e+004   1.3 2.41e+002    -  4.16e-001 2.40e-002f  1
   6 1.1069783e+004 4.31e+003 7.26e+004   2.0 4.21e+002    -  4.27e-001 5.16e-002f  1
   7 1.1378516e+004 4.04e+003 4.59e+005   2.2 1.21e+002    -  2.13e-001 6.32e-002f  1
   8 1.1850260e+004 3.89e+003 7.16e+005   2.6 1.67e+002    -  6.90e-001 3.59e-002f  1
   9 1.2624914e+004 3.71e+003 3.05e+006   3.3 2.08e+002    -  6.46e-001 4.40e-002f  1
iter    objective    inf_pr   inf_du lg(mu)  ||d||  lg(rg) alpha_du alpha_pr  ls
  10 1.2927691e+004 3.56e+003 2.02e+007   3.7 9.72e+001    -  1.05e-001 4.11e-002f  1
  11 1.3274981e+004 3.36e+003 8.48e+007   3.7 8.62e+001    -  2.24e-001 5.44e-002f  1
  12 1.3801224e+004 3.07e+003 3.16e+008   3.7 9.40e+001    -  1.38e-001 8.62e-002h  1
  13 1.3993370e+004 2.84e+003 4.46e+008   3.5 8.14e+001    -  1.43e-001 7.22e-002h  1
  14 1.4568140e+004 2.49e+003 6.42e+008   3.7 6.56e+001    -  9.42e-002 1.22e-001h  1
  15 1.4780456e+004 2.24e+003 7.06e+008   3.0 5.04e+001    -  1.57e-001 9.81e-002h  1
  16 1.4890028e+004 2.08e+003 7.52e+008   3.6 1.07e+002    -  1.19e-001 6.91e-002h  1
  17 1.5041860e+004 1.93e+003 7.45e+008   1.4 7.64e+001    -  1.14e-001 7.12e-002h  1
  18 1.5084147e+004 1.82e+003 7.39e+008   3.7 8.55e+001    -  7.21e-002 5.53e-002h  1
  19 1.5195599e+004 1.70e+003 7.32e+008   3.7 7.62e+001    -  9.87e-002 6.79e-002h  1
iter    objective    inf_pr   inf_du lg(mu)  ||d||  lg(rg) alpha_du alpha_pr  ls
  20 1.5456099e+004 1.56e+003 8.73e+008  -2.5 5.77e+001    -  5.37e-002 8.02e-002h  1
  21 1.5450885e+004 1.49e+003 9.30e+008   3.7 9.83e+001    -  1.24e-001 4.21e-002f  1
  22 1.5564877e+004 1.42e+003 1.01e+009  -2.5 7.48e+001    -  4.64e-002 4.69e-002h  1
  23 1.5895215e+004 1.25e+003 1.21e+009   3.2 1.03e+002    -  5.94e-002 1.19e-001h  1
  24 1.5689731e+004 1.18e+003 1.31e+009   3.7 9.72e+001    -  5.64e-002 5.76e-002f  1
  25 1.5713287e+004 1.16e+003 1.34e+009  -2.5 8.26e+001    -  7.43e-002 1.34e-002h  1
  26 1.5639895e+004 1.11e+003 1.45e+009   3.6 9.50e+001    -  5.97e-002 4.72e-002f  1
  27 1.5327150e+004 9.79e+002 1.79e+009   3.7 1.64e+002    -  8.41e-002 1.11e-001f  1
  28 1.5418172e+004 9.12e+002 1.95e+009  -2.5 8.82e+001    -  9.74e-002 6.57e-002h  1
  29 1.5487077e+004 8.27e+002 2.11e+009   2.8 1.09e+002    -  6.53e-002 8.64e-002h  1
iter    objective    inf_pr   inf_du lg(mu)  ||d||  lg(rg) alpha_du alpha_pr  ls
  30 1.5590763e+004 7.67e+002 2.20e+009   2.9 7.56e+001    -  3.49e-002 6.72e-002h  1
  31 1.5580545e+004 7.02e+002 2.23e+009   3.4 8.32e+001    -  7.06e-002 7.52e-002f  1
  32 1.5989610e+004 6.05e+002 2.17e+009   2.4 8.38e+001    -  4.55e-002 1.21e-001h  1
  33 1.6039509e+004 5.95e+002 2.15e+009  -2.6 9.32e+001    -  8.53e-002 1.54e-002h  1
  34 1.6115832e+004 5.67e+002 2.11e+009   3.7 1.61e+002    -  9.78e-002 4.38e-002f  1
  35 1.6308597e+004 5.35e+002 2.05e+009   3.2 1.17e+002    -  4.65e-002 5.10e-002h  1
  36 1.6447501e+004 5.10e+002 2.01e+009   3.7 1.44e+002    -  9.95e-002 4.24e-002f  1
  37 1.6702263e+004 4.79e+002 1.93e+009  -2.5 1.68e+002    -  5.80e-002 5.47e-002h  1
  38 1.7247786e+004 4.12e+002 1.72e+009   2.2 1.25e+002    -  8.01e-002 1.10e-001h  1
  39 1.7365020e+004 3.94e+002 1.65e+009   2.5 1.09e+002    -  4.00e-002 3.84e-002h  1
iter    objective    inf_pr   inf_du lg(mu)  ||d||  lg(rg) alpha_du alpha_pr  ls
  40 1.7446194e+004 3.37e+002 1.86e+009   3.1 9.37e+001    -  1.22e-001 1.09e-001h  1
  41 1.7544848e+004 3.15e+002 1.99e+009   2.7 8.49e+001    -  8.94e-002 5.57e-002h  1
  42 1.7331286e+004 2.82e+002 2.17e+009   3.5 1.41e+002    -  1.49e-001 8.31e-002f  1
  43 1.7369577e+004 2.54e+002 2.40e+009   3.3 9.91e+001    -  1.14e-001 9.95e-002f  1
  44 1.7546837e+004 2.30e+002 2.61e+009   3.0 7.15e+001    -  1.52e-001 9.27e-002h  1
  45 1.7102353e+004 2.17e+002 2.66e+009   3.5 1.59e+002    -  9.32e-002 5.45e-002f  1
  46 1.7031151e+004 1.85e+002 2.77e+009   3.1 1.00e+002    -  1.41e-001 1.47e-001f  1
  47 1.7316152e+004 1.57e+002 2.88e+009  -2.7 1.03e+002    -  2.19e-002 1.51e-001h  1
  48 1.6659460e+004 1.41e+002 2.95e+009   3.6 1.23e+002    -  8.10e-002 6.93e-002f  1
  49 1.6267548e+004 1.36e+002 2.98e+009   3.3 9.65e+001    -  2.75e-002 3.82e-002f  1
iter    objective    inf_pr   inf_du lg(mu)  ||d||  lg(rg) alpha_du alpha_pr  ls
  50 1.6236227e+004 1.34e+002 2.98e+009   2.2 9.39e+001    -  2.66e-002 1.45e-002f  1
  51 1.5495873e+004 1.13e+002 2.82e+009   3.1 8.52e+001    -  1.05e-001 1.66e-001f  1
  52 1.4526268e+004 1.88e+002 2.39e+009   3.4 8.83e+001    -  9.36e-002 1.48e-001f  1
  53 1.4528891e+004 1.85e+002 2.35e+009  -2.7 2.99e+001    -  9.36e-002 1.77e-002h  1
  54 1.4529270e+004 1.84e+002 2.34e+009  -2.7 3.51e+001    -  1.68e-002 6.47e-003h  1
  55 1.4604939e+004 1.60e+002 2.06e+009   1.6 5.91e+001    -  3.93e-002 1.41e-001h  1
  56 1.3864267e+004 1.86e+002 1.88e+009   3.7 2.42e+002    -  3.95e-002 4.43e-002f  1
  57 1.3917366e+004 1.65e+002 1.61e+009  -2.7 1.75e+001    -  8.23e-002 1.19e-001h  1
  58 1.4044262e+004 1.29e+002 1.20e+009  -2.8 1.42e+001    -  8.82e-002 2.26e-001h  1
  59 1.4274552e+004 9.11e+001 8.34e+008   1.1 2.11e+001    -  2.74e-001 3.14e-001h  1
iter    objective    inf_pr   inf_du lg(mu)  ||d||  lg(rg) alpha_du alpha_pr  ls
  60 1.3698197e+004 9.97e+001 6.25e+008   2.9 4.56e+001    -  9.49e-002 2.63e-001f  1
  61 1.3657803e+004 7.12e+001 4.42e+008   2.2 1.33e+001    -  3.30e-001 2.97e-001h  1
  62 1.3330292e+004 5.03e+001 2.24e+008   2.5 1.49e+001    -  2.95e-001 4.97e-001f  1
  63 1.3308094e+004 3.25e+001 1.44e+008   1.8 5.39e+000    -  4.00e-001 3.59e-001h  1
  64 1.3364646e+004 3.03e-001 1.51e+006   0.7 2.81e+000    -  5.76e-001 1.00e+000h  1
  65 1.3350090e+004 1.92e-002 2.37e+005   0.2 5.31e-001    -  7.93e-001 1.00e+000f  1
  66 1.3335962e+004 1.78e-003 2.31e+004  -4.4 4.00e-001    -  9.46e-001 1.00e+000h  1
  67 1.3265310e+004 1.99e-003 4.09e+002  -5.7 1.84e-001    -  9.77e-001 1.00e+000f  1
  68 1.1286044e+004 6.73e+000 6.73e+002  -2.2 7.49e+000    -  6.28e-001 1.00e+000f  1
  69 9.9961047e+003 1.57e+001 4.38e+002  -2.1 1.73e+001    -  5.15e-001 7.82e-001f  1
iter    objective    inf_pr   inf_du lg(mu)  ||d||  lg(rg) alpha_du alpha_pr  ls
  70 9.2890018e+003 4.20e+001 3.99e+002  -2.1 3.21e+001    -  2.64e-001 6.85e-001f  1
  71 8.1808897e+003 2.99e+001 3.23e+002  -2.0 2.13e+001    -  3.35e-001 6.44e-001f  1
  72 7.7307078e+003 2.79e+001 2.56e+002  -2.0 2.04e+001    -  3.17e-001 1.98e-001f  1
  73 6.8899586e+003 8.18e+000 3.94e+001  -7.9 8.17e+000    -  2.64e-001 1.00e+000f  1
  74 6.3659029e+003 1.13e+002 8.74e+001  -2.3 1.34e+001    -  2.29e-001 7.02e-001f  1
  75 6.2149849e+003 1.36e+002 1.32e+002  -2.1 3.10e+001    -  2.62e-001 3.91e-001f  1
  76 5.3965864e+003 9.00e+001 1.16e+002  -3.8 1.38e+001    -  4.04e-001 6.61e-001f  1
  77 5.2966551e+003 8.72e+001 1.16e+002  -3.8 1.54e+001    -  3.87e-001 3.31e-002h  1
  78 4.9096812e+003 1.66e+002 9.79e+001  -2.5 2.18e+001    -  6.64e-001 7.36e-001f  1
  79 4.5734693e+003 1.42e+002 9.78e+001  -3.0 2.15e+001    -  4.76e-001 1.61e-001h  1
iter    objective    inf_pr   inf_du lg(mu)  ||d||  lg(rg) alpha_du alpha_pr  ls
  80 6.6403101e+003 1.18e+002 1.49e+002  -2.2 3.04e+001    -  1.00e+000 8.67e-001f  1
  81 6.8760468e+003 2.04e+001 1.46e+002  -2.3 1.57e+001    -  1.00e+000 1.00e+000h  1
  82 4.8772402e+003 7.52e+000 6.49e+001  -2.5 6.33e+000    -  1.00e+000 1.00e+000f  1
  83 4.3051277e+003 2.34e+001 1.81e+001  -2.8 6.50e+000    -  1.00e+000 1.00e+000h  1
  84 3.7323711e+003 1.48e+001 4.98e+001  -3.0 1.17e+001    -  1.00e+000 1.00e+000H  1
  85 3.7125026e+003 7.09e+000 4.19e+001  -3.3 9.73e+000    -  5.87e-001 6.23e-001H  1
  86 3.0824419e+003 5.37e+000 8.73e+000  -3.4 2.69e+000    -  2.21e-001 1.00e+000f  1
  87 3.0151025e+003 6.22e-001 2.13e+000  -3.3 1.18e+000    -  1.00e+000 1.00e+000h  1
  88 2.7998500e+003 7.75e+000 6.23e+000  -4.0 4.14e+000    -  1.00e+000 1.00e+000h  1
  89 2.7291087e+003 1.81e+001 1.26e+001  -3.3 3.08e+001    -  1.78e-001 1.57e-001h  2
iter    objective    inf_pr   inf_du lg(mu)  ||d||  lg(rg) alpha_du alpha_pr  ls
  90 3.4258643e+003 8.48e+001 2.51e+001  -3.0 2.18e+001    -  6.98e-001 4.22e-001f  2
  91 3.2707113e+003 2.80e+001 3.97e+001  -3.2 8.73e+000    -  7.44e-001 1.00e+000h  1
  92 2.9997210e+003 2.36e+001 2.26e+001  -3.2 8.81e+000    -  1.00e+000 7.59e-001f  1
  93 2.4420952e+003 1.54e+001 7.26e+000  -9.2 7.65e+000    -  7.43e-002 5.15e-001f  1
  94 2.3278438e+003 1.28e+001 6.44e+000  -5.3 9.37e+000    -  4.68e-001 2.80e-001h  1
  95 2.1142821e+003 9.80e+000 7.50e+000  -3.7 5.13e+000    -  1.00e+000 9.73e-001h  1
  96 2.3453472e+003 3.88e+000 7.26e+000  -3.5 6.12e+000    -  5.99e-001 7.59e-001h  1
  97 2.0288571e+003 1.72e+000 7.43e+000  -3.8 3.44e+000    -  1.00e+000 1.00e+000h  1
  98 1.9655060e+003 1.81e+000 2.97e+000  -3.9 2.30e+000    -  1.00e+000 6.75e-001h  1
  99 1.9106032e+003 4.30e+000 6.46e+000  -3.7 8.89e+000    -  8.52e-001 4.19e-001h  1
iter    objective    inf_pr   inf_du lg(mu)  ||d||  lg(rg) alpha_du alpha_pr  ls
 100 1.8091874e+003 1.44e+001 1.56e+001  -3.7 2.44e+001    -  5.73e-001 2.40e-001h  1
 101 1.7621709e+003 1.65e+001 2.17e+001  -3.8 3.26e+001    -  3.71e-001 1.48e-001h  2
 102 3.7571641e+003 1.27e+001 2.12e+001  -3.2 1.24e+001    -  3.26e-001 1.00e+000H  1
 103 2.1450288e+003 6.46e+001 1.29e+001  -3.6 1.34e+001    -  9.96e-001 1.00e+000f  1
 104 1.8971825e+003 4.93e+001 6.26e+000  -3.6 1.66e+001    -  3.86e-001 2.55e-001h  1
 105 1.7670406e+003 1.53e+000 5.73e+000  -3.6 2.71e+000    -  1.00e+000 1.00e+000h  1
 106 1.6395402e+003 5.03e+000 3.53e+000  -3.9 3.22e+000    -  8.57e-001 1.00e+000h  1
 107 1.6017684e+003 4.83e+000 4.77e+000  -3.8 8.33e+000    -  1.00e+000 2.29e-001h  2
 108 1.5292801e+003 3.00e+000 8.21e+000  -4.0 5.42e+000    -  1.00e+000 8.98e-001H  1
 109 1.5887358e+003 6.13e+000 6.24e+000  -3.8 5.05e+000    -  8.72e-001 1.00e+000h  1
iter    objective    inf_pr   inf_du lg(mu)  ||d||  lg(rg) alpha_du alpha_pr  ls
 110 1.4923943e+003 4.35e-001 1.34e+000  -3.9 1.52e+000    -  1.00e+000 1.00e+000h  1
 111 1.3826153e+003 5.38e+000 1.24e+000  -4.1 2.83e+000    -  1.00e+000 9.94e-001h  1
 112 1.3569781e+003 4.81e+000 2.63e+000  -4.1 1.19e+001    -  6.59e-001 2.31e-001h  1
 113 1.2998811e+003 4.78e+000 5.27e+000  -4.1 9.85e+000    -  1.00e+000 4.95e-001h  1
 114 1.2677237e+003 6.03e+000 7.68e+000  -4.1 2.37e+001    -  4.87e-001 2.07e-001h  1
 115 1.5470192e+003 1.03e+001 5.78e+000  -4.1 1.07e+001    -  8.09e-001 8.86e-001h  1
 116 1.3383185e+003 1.01e+000 4.14e+000  -4.2 2.15e+000    -  5.04e-001 1.00e+000h  1
 117 1.2217418e+003 2.11e+000 3.83e+000  -3.9 3.33e+000    -  6.51e-001 1.00e+000f  1
 118 1.1923666e+003 3.68e+000 2.00e+000  -4.2 4.68e+000    -  9.32e-001 7.16e-001h  1
 119 1.1770933e+003 2.16e+000 5.91e+000  -4.2 6.16e+000    -  1.00e+000 6.64e-001H  1
iter    objective    inf_pr   inf_du lg(mu)  ||d||  lg(rg) alpha_du alpha_pr  ls
 120 1.1963528e+003 8.18e-001 7.21e+000  -4.2 3.44e+000    -  8.36e-001 9.09e-001H  1
 121 1.2334063e+003 1.89e+000 1.86e+000  -4.2 2.71e+000    -  5.77e-001 1.00e+000h  1
 122 1.1233433e+003 1.17e+000 1.44e+000  -3.9 2.42e+000    -  1.00e+000 1.00e+000f  1
 123 1.1688239e+003 8.19e-001 9.71e-001  -4.0 8.91e-001    -  1.00e+000 1.00e+000h  1
 124 1.0864385e+003 2.17e+000 5.00e-001  -4.4 2.35e+000    -  1.00e+000 1.00e+000h  1
 125 1.0558257e+003 2.07e+000 1.91e+000  -4.4 4.26e+000    -  1.00e+000 7.49e-001h  1
 126 1.0806985e+003 9.03e+000 1.58e+000  -4.0 7.77e+000    -  1.00e+000 5.00e-001h  2
 127 1.0915802e+003 7.10e-001 1.80e+000  -4.1 1.84e+000    -  9.95e-001 1.00e+000h  1
 128 1.0355285e+003 1.55e+000 1.12e+000  -4.2 2.30e+000    -  1.00e+000 1.00e+000h  1
 129 1.0517597e+003 1.47e+000 2.59e+000  -4.2 1.96e+000    -  1.00e+000 1.00e+000h  1
iter    objective    inf_pr   inf_du lg(mu)  ||d||  lg(rg) alpha_du alpha_pr  ls
 130 9.9530569e+002 4.53e-001 2.92e+000  -4.3 2.24e+000    -  1.00e+000 9.48e-001h  1
 131 1.0128676e+003 3.57e-001 1.87e+000  -4.3 3.62e+000    -  3.30e-001 3.94e-001h  1
 132 9.6464763e+002 3.50e-001 4.58e-001  -4.5 1.00e+000    -  1.00e+000 9.63e-001h  1
 133 9.4780214e+002 3.16e-001 4.18e-001  -4.7 1.34e+000    -  1.00e+000 8.12e-001h  1
 134 9.6390899e+002 1.72e+000 1.33e+000  -4.2 3.75e+000    -  3.49e-001 5.00e-001h  2
 135 9.4340578e+002 1.53e+000 1.28e+000  -4.6 8.23e+000    -  3.18e-001 2.09e-001h  1
 136 9.3387160e+002 1.94e+000 1.74e+000  -4.1 4.12e+001    -  2.27e-001 4.41e-002h  3
 137 9.4574314e+002 3.27e+000 2.38e+000  -4.4 9.23e+000    -  4.35e-001 5.25e-001H  1
 138 9.1078022e+002 3.04e+000 4.61e+000  -4.5 8.88e+000    -  6.12e-001 3.39e-001h  1
 139 1.0255688e+003 2.03e+000 3.99e+000  -4.5 9.02e+000    -  5.37e-001 4.50e-001H  1
iter    objective    inf_pr   inf_du lg(mu)  ||d||  lg(rg) alpha_du alpha_pr  ls
 140 8.8148951e+002 1.19e+000 1.97e+000  -4.5 3.51e+000    -  6.12e-001 7.71e-001h  1
 141 8.5627861e+002 8.48e-002 8.09e-001  -4.5 8.93e-001    -  1.00e+000 9.89e-001h  1
 142 8.4657567e+002 8.72e-002 5.72e-001  -5.1 2.26e+000    -  1.00e+000 3.71e-001h  1
 143 8.4422717e+002 1.20e-001 9.20e-001  -4.8 2.33e+000  -4.5 8.51e-001 6.99e-002h  4
 144 8.3878756e+002 1.03e-001 8.22e-001  -5.0 4.15e+000    -  1.00e+000 1.55e-001h  1
 145 8.3622121e+002 2.40e-001 8.70e-001  -4.5 2.82e+001    -  3.66e-001 1.67e-002h  5
 146 8.3008217e+002 2.14e-001 8.33e-001  -4.9 6.11e+000    -  9.80e-001 1.20e-001h  1
 147 8.3021885e+002 5.13e-001 1.21e+000  -4.3 5.06e+001    -  3.34e-001 1.56e-002h  5
 148 8.1540313e+002 3.84e-001 1.10e+000  -4.7 6.35e+000    -  1.77e-001 3.25e-001h  1
 149 8.1847604e+002 7.75e-001 1.15e+000  -4.1 7.04e+001    -  2.46e-001 1.65e-002f  1
iter    objective    inf_pr   inf_du lg(mu)  ||d||  lg(rg) alpha_du alpha_pr  ls
 150 8.0807007e+002 4.56e-001 9.84e-001  -4.5 4.59e+000    -  5.47e-001 4.35e-001h  1
 151 8.1302792e+002 4.35e-001 9.41e-001  -4.2 2.78e+001    -  4.08e-001 5.56e-002f  4
 152 8.0776753e+002 3.71e-001 1.16e+000  -4.5 4.15e+000    -  1.75e-001 2.81e-001h  1
 153 7.9347339e+002 3.38e+000 3.73e+000  -4.8 2.00e+001    -  3.30e-001 2.88e-001h  1
 154 7.8360737e+002 3.44e+000 4.80e+000  -5.1 2.02e+001    -  3.66e-001 9.14e-002h  1
 155 8.5186670e+002 3.58e+000 5.33e+000  -4.6 9.44e+000    -  5.00e-001 4.87e-001H  1
 156 8.0017396e+002 2.51e+000 5.64e+000  -4.7 5.41e+000    -  4.83e-001 3.79e-001h  1
 157 7.4910151e+002 1.76e+000 3.81e+000 -10.7 2.54e+000    -  1.89e-001 3.02e-001h  1
 158 7.4907782e+002 1.76e+000 3.81e+000 -10.8 4.10e+000    -  4.16e-001 3.74e-004h  1
 159 7.5156010e+002 1.95e+000 3.30e+000  -4.6 5.85e+000  -5.4 5.32e-001 8.27e-002h  3
iter    objective    inf_pr   inf_du lg(mu)  ||d||  lg(rg) alpha_du alpha_pr  ls
 160 7.3807858e+002 1.41e+000 2.50e+000  -4.9 3.20e+000    -  8.97e-001 2.77e-001h  1
 161 7.3069078e+002 1.61e+000 2.11e+000  -4.9 8.00e+000    -  6.58e-001 1.84e-001h  2
 162 7.1148897e+002 2.98e+000 2.67e+000  -5.1 1.95e+001    -  3.27e-001 1.79e-001h  1
 163 7.0628491e+002 2.84e+000 2.74e+000  -5.0 2.50e+001    -  2.52e-001 4.80e-002h  1
 164 7.6739425e+002 2.00e+000 1.64e+000  -4.7 5.38e+000    -  3.00e-001 6.16e-001H  1
 165 7.0219007e+002 6.81e-001 7.37e-001  -5.0 1.56e+000    -  1.00e+000 7.54e-001h  1
 166 6.9336904e+002 1.72e-001 9.00e-001  -5.0 7.80e-001    -  1.00e+000 9.06e-001h  1
 167 6.9151550e+002 1.52e-001 9.05e-001  -5.0 2.37e+000    -  1.00e+000 1.26e-001h  1
 168 6.9124211e+002 1.32e-001 6.98e-001  -4.7 6.47e+000    -  5.17e-001 1.51e-001h  3
 169 6.8481843e+002 7.42e-002 1.74e+000  -5.0 3.02e+000    -  1.00e+000 6.00e-001h  1
iter    objective    inf_pr   inf_du lg(mu)  ||d||  lg(rg) alpha_du alpha_pr  ls
 170 6.8070597e+002 9.93e-002 1.16e+000  -5.1 1.85e+001    -  2.10e-001 6.45e-002h  2
 171 6.7888003e+002 9.65e-002 1.86e+000  -5.0 4.65e+000    -  8.51e-001 1.43e-001h  3
 172 6.9582132e+002 1.13e-001 1.30e+000  -5.0 2.80e+000    -  1.00e+000 8.33e-001H  1
 173 6.8259071e+002 1.79e-001 2.31e+000  -5.1 4.47e+000    -  6.61e-001 4.67e-001h  1
 174 6.6348943e+002 2.31e-001 2.18e+000  -5.1 8.17e+000    -  2.55e-001 1.89e-001h  1
 175 6.6229224e+002 1.50e-001 1.56e+000  -5.1 1.70e+000    -  3.26e-001 4.19e-001h  1
 176 6.5495719e+002 6.71e-002 8.21e-001  -5.2 6.34e-001    -  1.00e+000 5.64e-001h  1
 177 6.5185845e+002 4.53e-002 5.26e-001  -5.6 9.60e-001    -  8.65e-001 3.47e-001h  1
 178 6.4986052e+002 5.13e-002 5.56e-001  -5.1 4.03e+000    -  6.07e-001 1.75e-001h  2
 179 6.4854947e+002 1.54e-001 7.79e-001  -5.0 5.90e+000    -  5.37e-001 2.25e-001h  1
iter    objective    inf_pr   inf_du lg(mu)  ||d||  lg(rg) alpha_du alpha_pr  ls
 180 6.4704834e+002 1.90e-001 1.01e+000  -5.2 7.30e+000    -  6.86e-001 2.24e-001h  2
 181 6.4503117e+002 1.77e-001 1.23e+000  -5.4 6.20e+000    -  6.82e-001 2.95e-001h  2
 182 6.4542120e+002 2.14e-001 1.51e+000  -5.3 4.59e+000    -  5.45e-001 4.14e-001H  1
 183 6.3969388e+002 1.54e-001 1.41e+000  -5.3 3.16e+000    -  8.54e-001 4.13e-001h  1
 184 6.3427352e+002 1.64e-001 1.47e+000 -11.0 6.35e+000    -  2.76e-001 1.29e-001h  1
 185 6.3225373e+002 1.59e-001 1.41e+000  -5.4 1.44e+001    -  1.51e-001 5.50e-002h  3
 186 6.2938419e+002 1.43e-001 1.09e+000  -5.5 3.01e+000    -  7.44e-001 2.71e-001h  1
 187 6.2789251e+002 1.44e-001 1.08e+000  -5.1 1.38e+001    -  1.82e-001 7.94e-002h  3
 188 6.3942453e+002 5.81e-002 1.07e+000  -5.0 4.44e+000    -  3.42e-001 7.48e-001H  1
 189 6.3181594e+002 6.82e-002 1.29e+000  -5.2 2.85e+000    -  1.00e+000 4.64e-001h  1
iter    objective    inf_pr   inf_du lg(mu)  ||d||  lg(rg) alpha_du alpha_pr  ls
 190 6.2821288e+002 9.45e-002 8.85e-001  -5.5 9.77e+000    -  5.29e-001 3.40e-001h  1
 191 6.2205377e+002 5.63e-002 7.11e-001  -5.3 1.53e+000    -  9.35e-001 3.89e-001h  1
 192 6.1868768e+002 3.74e-002 6.03e-001  -5.7 2.63e+000    -  9.61e-001 3.67e-001h  1
 193 6.1728076e+002 4.29e-002 7.35e-001  -5.6 8.43e+000    -  4.63e-001 1.36e-001h  1
 194 6.1962911e+002 3.35e-002 7.46e-001  -5.4 3.24e+000    -  8.50e-001 5.60e-001H  1
 195 6.1681932e+002 2.92e-002 7.67e-001  -5.5 2.77e+000    -  8.95e-001 4.26e-001h  1
 196 6.1166281e+002 2.16e-002 6.03e-001  -5.9 3.53e+000    -  4.10e-001 3.75e-001h  1
 197 6.0955161e+002 2.02e-002 5.87e-001  -6.1 2.17e+000    -  4.21e-001 1.69e-001h  1
 198 6.1004244e+002 2.38e-002 6.26e-001  -5.3 4.17e+000    -  3.95e-001 1.69e-001h  2
 199 6.0727040e+002 3.29e-002 4.81e-001  -5.6 2.30e+000    -  6.42e-001 5.12e-001h  1
iter    objective    inf_pr   inf_du lg(mu)  ||d||  lg(rg) alpha_du alpha_pr  ls
 200 6.0576130e+002 4.43e-002 5.78e-001  -5.3 6.47e+000    -  4.03e-001 1.23e-001f  1
 201 6.0494914e+002 5.15e-002 6.45e-001  -5.5 5.23e+000    -  8.26e-001 1.43e-001h  2
 202 6.1565547e+002 5.68e-002 8.61e-001  -5.5 3.16e+000    -  1.00e+000 7.19e-001H  1
 203 6.0995538e+002 3.32e-002 1.05e+000  -5.6 9.95e-001    -  1.00e+000 7.64e-001h  1
 204 6.0426619e+002 2.47e-002 8.02e-001  -5.6 8.59e-001    -  4.19e-001 2.93e-001f  1
 205 6.0173931e+002 1.85e-002 4.95e-001  -5.8 8.39e-001    -  9.22e-001 2.85e-001h  1
 206 6.0029837e+002 1.92e-002 3.58e-001  -5.5 2.71e+000    -  6.62e-001 1.58e-001h  1
 207 5.9872128e+002 2.04e-002 3.40e-001  -5.8 2.13e+000    -  9.05e-001 2.75e-001h  1
 208 5.9751137e+002 3.02e-002 5.50e-001  -5.8 7.73e+000    -  3.31e-001 8.99e-002h  2
 209 5.9692714e+002 3.44e-002 4.92e-001  -6.0 5.11e+000    -  3.96e-001 1.30e-001h  2
iter    objective    inf_pr   inf_du lg(mu)  ||d||  lg(rg) alpha_du alpha_pr  ls
 210 5.9642557e+002 2.78e-002 5.21e-001  -6.1 1.91e+000    -  6.87e-001 2.82e-001h  2
 211 5.9548981e+002 1.31e-002 3.33e-001  -5.8 7.91e-001    -  1.00e+000 8.38e-001h  1
 212 5.9471281e+002 1.28e-002 2.66e-001  -5.5 1.48e+000    -  4.33e-001 2.62e-001h  1
 213 5.9454591e+002 1.49e-002 1.09e+000  -5.6 1.17e+000    -  7.22e-001 5.92e-001h  1
 214 6.1150409e+002 2.88e-003 5.04e-001  -5.4 1.24e+000    -  6.92e-001 1.00e+000H  1
 215 5.9372374e+002 8.48e-003 2.33e-001  -5.6 5.54e-001    -  1.00e+000 1.00e+000h  1
 216 5.9290729e+002 3.32e-003 1.30e-001  -5.6 4.80e-001    -  1.00e+000 8.83e-001h  1
 217 5.9246106e+002 2.14e-002 3.94e-001  -5.6 1.82e+000    -  9.15e-001 6.24e-001h  1
 218 5.9229343e+002 2.86e-002 4.95e-001  -5.4 7.12e+000    -  3.64e-001 1.43e-001h  2
 219 5.9168062e+002 4.54e-002 3.41e-001  -5.6 1.08e+001    -  3.64e-001 1.02e-001h  2
iter    objective    inf_pr   inf_du lg(mu)  ||d||  lg(rg) alpha_du alpha_pr  ls
 220 5.9090012e+002 6.07e-002 4.62e-001  -5.7 9.21e+000  -6.4 2.84e-001 9.67e-002h  2
 221 5.9087060e+002 7.18e-002 6.88e-001  -5.6 6.98e+000    -  3.34e-001 1.63e-001h  2
 222 6.1266150e+002 1.35e-002 1.05e+000  -5.3 4.54e+000    -  9.23e-001 8.72e-001H  1
 223 6.0036105e+002 1.11e-002 8.64e-001  -5.4 3.29e+000    -  2.26e-001 3.54e-001h  1
 224 5.9458279e+002 9.77e-003 5.47e-001  -5.4 3.51e+000    -  1.70e-001 3.05e-001f  1
 225 5.9200479e+002 7.39e-003 3.45e-001  -5.4 1.54e+000    -  9.45e-001 3.30e-001f  1
 226 5.9011374e+002 6.06e-003 2.04e-001  -5.7 7.77e-001    -  1.00e+000 7.35e-001f  1
 227 5.9204212e+002 2.72e-003 2.46e-001  -5.5 1.24e+000    -  9.07e-001 7.42e-001H  1
 228 5.8928467e+002 2.98e-003 9.16e-002  -5.8 5.35e-001    -  1.00e+000 9.17e-001h  1
 229 5.8807809e+002 1.49e-003 1.82e-001  -6.0 3.90e-001    -  1.00e+000 7.25e-001h  1
iter    objective    inf_pr   inf_du lg(mu)  ||d||  lg(rg) alpha_du alpha_pr  ls
 230 5.8734795e+002 7.21e-004 1.48e-001  -6.5 2.33e-001    -  1.00e+000 6.08e-001h  1
 231 5.8693497e+002 2.76e-003 6.20e-002  -6.0 1.14e+000    -  5.88e-001 3.13e-001h  1
 232 5.8612966e+002 1.73e-002 1.60e-001  -6.1 1.70e+000    -  8.18e-001 4.94e-001h  1
 233 5.8656519e+002 2.39e-002 1.76e-001  -5.6 3.02e+000    -  2.83e-001 1.40e-001h  2
 234 5.8564942e+002 1.97e-002 1.66e-001  -6.0 8.45e-001    -  1.00e+000 3.84e-001h  1
 235 5.8590910e+002 1.50e-002 1.58e-001  -5.7 1.23e+000    -  6.71e-001 2.50e-001f  3
 236 5.8528064e+002 3.80e-003 8.04e-002  -5.9 2.40e-001    -  1.00e+000 9.51e-001h  1
 237 5.8501443e+002 1.58e-003 5.97e-002  -5.9 6.18e-001    -  1.00e+000 8.28e-001H  1
 238 5.8645228e+002 5.38e-002 6.51e-001  -5.6 1.71e+000    -  7.71e-001 1.00e+000h  1
 239 5.8587915e+002 5.68e-002 8.31e-001  -5.8 7.24e+000    -  3.05e-001 8.58e-002h  1
iter    objective    inf_pr   inf_du lg(mu)  ||d||  lg(rg) alpha_du alpha_pr  ls
 240 5.8557181e+002 5.60e-002 8.92e-001  -5.8 6.38e+000    -  3.13e-001 7.02e-002h  2
 241 5.8539828e+002 1.30e-002 1.50e-001  -5.8 2.68e+000    -  7.08e-001 1.00e+000h  1
 242 5.8419866e+002 1.01e-002 2.91e-001  -5.8 3.52e+000    -  1.00e+000 4.15e-001h  1
 243 5.8387237e+002 8.92e-003 2.58e-001  -6.0 1.48e+000    -  1.00e+000 1.19e-001h  1
 244 5.8295885e+002 5.34e-003 2.20e-001  -6.2 3.35e+000    -  7.24e-001 3.14e-001h  1
 245 5.8227019e+002 1.26e-002 1.62e-001  -6.4 3.84e+000    -  1.00e+000 2.80e-001h  1
 246 5.8195624e+002 1.71e-002 1.88e-001  -6.3 3.19e+000    -  6.90e-001 1.79e-001h  1
 247 5.8142619e+002 2.40e-002 2.25e-001  -6.3 2.82e+000    -  5.38e-001 2.47e-001h  1
 248 5.8258334e+002 2.24e-002 2.10e-001  -6.4 3.40e+000    -  5.86e-001 3.56e-001H  1
 249 5.8077354e+002 9.29e-003 1.39e-001  -6.5 8.99e-001    -  4.39e-001 5.92e-001h  1
iter    objective    inf_pr   inf_du lg(mu)  ||d||  lg(rg) alpha_du alpha_pr  ls
 250 5.8057053e+002 5.27e-004 1.04e-001  -6.0 2.81e-001    -  7.91e-001 1.00e+000f  1
 251 5.8118000e+002 4.86e-004 3.93e-002  -5.8 1.96e-001    -  8.25e-001 1.00e+000h  1
 252 5.8101036e+002 1.48e-003 2.08e-001  -6.0 8.03e-001    -  1.00e+000 3.48e-001h  1
 253 5.8080751e+002 2.26e-002 1.96e-001  -6.0 5.09e+000    -  3.77e-001 2.14e-001f  1
 254 5.8070528e+002 3.13e-002 2.96e-001  -6.0 7.69e+000    -  2.58e-001 1.08e-001h  1
 255 5.8059441e+002 3.11e-002 3.28e-001  -6.0 4.56e+000    -  7.39e-001 9.55e-002h  3
 256 5.8059568e+002 2.68e-002 3.04e-001  -6.0 4.42e+000    -  9.05e-001 2.08e-001h  3
 257 5.8039457e+002 1.63e-002 2.03e-001  -6.0 2.54e+000    -  8.57e-001 5.00e-001h  2
 258 5.8037462e+002 2.07e-002 2.54e-001  -5.7 1.87e+000    -  8.80e-001 3.20e-001h  1
 259 5.8290292e+002 7.30e-003 3.75e-001  -5.8 3.31e+000    -  9.12e-001 6.60e-001h  1
iter    objective    inf_pr   inf_du lg(mu)  ||d||  lg(rg) alpha_du alpha_pr  ls
 260 5.8009143e+002 7.40e-004 6.79e-002  -5.9 1.39e+000    -  4.41e-001 1.00e+000h  1
 261 5.7965020e+002 6.29e-004 4.37e-002  -6.2 1.91e-001    -  1.00e+000 9.61e-001h  1
 262 5.7941831e+002 1.41e-003 8.38e-002 -11.0 3.12e+000    -  2.42e-001 7.14e-002h  1
 263 5.7943909e+002 8.64e-003 1.32e-001  -5.8 2.08e+001    -  1.47e-001 5.06e-002h  3
 264 5.7924053e+002 2.04e-002 2.28e-001  -6.3 6.91e+000    -  1.14e-001 1.04e-001h  2
 265 5.7907065e+002 3.05e-002 3.50e-001  -6.2 7.46e+000  -6.9 2.98e-001 8.26e-002h  2
 266 5.7866426e+002 5.27e-002 5.33e-001  -6.2 1.30e+001    -  4.36e-001 1.07e-001h  1
 267 5.7843447e+002 6.25e-002 6.71e-001  -6.4 1.83e+001    -  1.45e-001 2.86e-002h  3
 268 5.7820276e+002 7.02e-002 7.35e-001  -6.8 5.72e+000    -  6.51e-001 1.64e-001h  2
 269 5.7793454e+002 6.89e-002 7.54e-001  -6.6 1.07e+001    -  4.47e-001 8.55e-002h  3
iter    objective    inf_pr   inf_du lg(mu)  ||d||  lg(rg) alpha_du alpha_pr  ls
 270 5.7765346e+002 7.62e-002 7.92e-001  -6.3 6.54e+000    -  6.65e-001 2.01e-001h  2
 271 5.7894422e+002 7.17e-002 7.94e-001  -6.0 1.02e+001    -  4.16e-001 1.73e-001h  2
 272 5.7801658e+002 1.12e-002 4.31e-001  -6.2 1.51e+000    -  6.70e-001 8.58e-001h  1
 273 5.7832440e+002 2.84e-002 3.79e-001  -5.8 1.62e+000    -  3.13e-001 1.00e+000f  1
 274 5.9084870e+002 1.57e-002 3.11e-001  -6.1 2.57e+000    -  3.50e-001 5.81e-001h  1
 275 5.7745503e+002 2.18e-002 6.10e-002  -6.1 2.32e+000    -  4.33e-001 1.00e+000f  1
 276 5.7707621e+002 1.71e-003 5.94e-002  -6.3 2.71e-001    -  1.00e+000 9.99e-001h  1
 277 5.7725640e+002 3.04e-002 3.85e-001  -6.1 1.55e+000  -7.3 7.21e-001 5.73e-001h  1
 278 5.7706683e+002 4.02e-002 5.60e-001  -6.2 1.52e+001    -  2.50e-002 4.91e-002h  1
 279 5.7694135e+002 5.73e-002 7.46e-001  -6.3 1.14e+001    -  1.99e-001 7.30e-002f  1
iter    objective    inf_pr   inf_du lg(mu)  ||d||  lg(rg) alpha_du alpha_pr  ls
 280 5.7690053e+002 6.01e-002 8.35e-001  -6.2 1.00e+001    -  1.94e-001 4.34e-002h  2
 281 5.7668062e+002 5.43e-002 8.09e-001  -6.5 3.51e+000    -  4.70e-001 2.17e-001h  1
 282 5.7682909e+002 5.30e-002 6.93e-001  -6.6 8.26e+000    -  8.12e-001 3.22e-001h  1
 283 5.7699105e+002 4.49e-002 6.26e-001  -5.9 4.16e+000    -  3.82e-001 3.20e-001h  1
 284 5.7658977e+002 2.11e-002 3.01e-001  -6.5 1.28e+000    -  6.85e-001 5.57e-001h  1
 285 5.7608474e+002 1.44e-002 1.96e-001  -7.0 1.22e+000    -  8.51e-001 3.17e-001h  1
 286 5.7569752e+002 8.50e-003 1.21e-001  -6.8 9.78e-001    -  1.00e+000 4.13e-001h  1
 287 5.7549084e+002 5.69e-003 8.39e-002  -6.8 6.13e-001    -  5.87e-001 3.99e-001h  1
 288 5.7535042e+002 4.89e-003 1.62e-001  -7.1 1.28e+000    -  1.00e+000 2.33e-001h  1
 289 5.7525497e+002 4.63e-003 1.03e-001  -6.8 1.76e+000    -  1.00e+000 3.83e-001h  1
iter    objective    inf_pr   inf_du lg(mu)  ||d||  lg(rg) alpha_du alpha_pr  ls
 290 5.7509346e+002 6.48e-003 1.13e-001  -7.2 2.56e+000    -  5.64e-001 3.63e-001h  1
 291 5.7498996e+002 8.12e-003 1.62e-001  -7.2 2.49e+000    -  9.41e-001 2.68e-001h  1
 292 5.7487486e+002 5.70e-003 1.38e-001  -7.6 6.00e-001    -  5.41e-001 3.27e-001h  1
 293 5.7480472e+002 4.91e-003 1.25e-001  -7.7 6.16e-001    -  5.35e-001 1.48e-001h  1
 294 5.7477166e+002 2.89e-003 9.30e-002  -7.1 1.65e+000    -  6.20e-001 4.97e-001h  1
 295 5.7490236e+002 1.06e-003 6.93e-002  -6.8 1.29e+000    -  5.39e-001 1.00e+000h  1
 296 5.7471103e+002 1.06e-003 4.68e-002  -7.0 8.83e-001    -  1.00e+000 6.97e-001h  1
 297 5.7466072e+002 9.73e-004 8.01e-002 -11.0 1.12e+000    -  7.46e-001 1.41e-001h  1
 298 5.7463715e+002 9.06e-004 5.29e-002  -7.5 6.35e-001    -  1.00e+000 9.67e-002h  1
 299 5.7454340e+002 1.91e-003 6.51e-002  -7.8 7.80e-001    -  8.33e-001 3.90e-001h  1
iter    objective    inf_pr   inf_du lg(mu)  ||d||  lg(rg) alpha_du alpha_pr  ls
 300 5.7449537e+002 2.58e-003 9.43e-002  -8.4 1.84e+000    -  3.52e-001 1.05e-001h  1
 301 5.7447134e+002 2.64e-003 1.45e-001  -7.6 9.48e-001    -  4.84e-001 1.58e-001h  1
 302 5.7444815e+002 2.40e-003 1.19e-001  -7.4 5.90e-001    -  6.10e-001 1.56e-001h  1
 303 5.7439727e+002 2.64e-003 1.43e-001  -7.3 6.01e-001    -  3.52e-001 3.28e-001h  1
 304 5.7435323e+002 3.38e-003 2.08e-001  -7.2 2.37e+000    -  2.64e-001 7.99e-002h  1
 305 5.7439682e+002 4.26e-003 3.09e-001  -6.4 1.94e+000    -  1.42e-001 1.37e-001h  1
 306 5.7437134e+002 4.77e-003 3.48e-001  -7.1 1.44e+000    -  9.89e-002 1.39e-001h  1
 307 5.7433098e+002 5.52e-003 3.23e-001  -7.1 2.14e+000    -  5.77e-001 3.09e-001f  1
 308 5.7430391e+002 5.54e-003 3.44e-001  -6.8 2.71e+000    -  3.10e-001 5.23e-002f  1
 309 5.7426015e+002 6.58e-003 3.76e-001  -7.2 1.48e+000    -  4.60e-001 1.33e-001h  1
iter    objective    inf_pr   inf_du lg(mu)  ||d||  lg(rg) alpha_du alpha_pr  ls
 310 5.7429713e+002 1.50e-002 4.01e-001  -6.8 1.43e+000    -  4.32e-001 2.79e-001h  1
 311 5.7426289e+002 1.59e-002 4.14e-001  -7.1 3.38e+000    -  4.59e-001 9.88e-002h  2
 312 5.7417402e+002 1.79e-002 4.48e-001  -7.1 1.54e+000    -  2.34e-001 1.80e-001h  1
 313 5.7408673e+002 2.21e-002 5.21e-001  -7.0 5.61e+000    -  5.16e-002 4.70e-002h  1
 314 5.7406326e+002 2.60e-002 5.90e-001  -6.4 3.88e+000    -  2.01e-001 7.48e-002h  1
 315 5.7422402e+002 4.36e-002 7.27e-001  -6.3 6.39e+000    -  1.22e-001 8.67e-002h  1
 316 5.7426057e+002 4.17e-002 7.28e-001  -6.8 2.52e+000    -  4.75e-001 1.57e-001H  1
 317 5.7416744e+002 6.99e-002 8.55e-001  -6.8 3.84e+000    -  8.76e-002 2.24e-001f  1
 318 5.7405422e+002 7.11e-002 9.06e-001  -6.8 1.31e+001    -  8.45e-002 1.98e-002h  1
 319 5.7401605e+002 6.54e-002 9.06e-001  -6.8 3.76e+000    -  4.40e-001 1.34e-001f  2
iter    objective    inf_pr   inf_du lg(mu)  ||d||  lg(rg) alpha_du alpha_pr  ls
 320 5.7402265e+002 5.28e-002 8.34e-001  -7.1 3.08e+000    -  2.35e-001 2.36e-001h  1
 321 5.7392767e+002 2.98e-002 5.56e-001  -6.9 1.28e+000    -  6.39e-001 4.37e-001h  1
 322 5.7369368e+002 1.28e-002 3.15e-001  -6.9 3.60e-001    -  7.31e-001 5.85e-001h  1
 323 5.7360611e+002 9.46e-003 2.46e-001  -7.4 5.82e-001    -  5.48e-001 2.76e-001h  1
 324 5.7354781e+002 7.72e-003 2.22e-001  -7.3 6.45e-001    -  9.05e-001 2.40e-001h  1
 325 5.7349173e+002 9.44e-003 2.86e-001  -7.0 1.91e+000    -  3.95e-001 1.85e-001h  2
 326 5.7352124e+002 2.52e-002 4.91e-001  -6.7 8.99e+000    -  1.74e-001 8.65e-002h  1
 327 5.7347510e+002 2.77e-002 5.83e-001  -7.1 1.46e+001    -  5.74e-002 2.25e-002h  2
 328 5.7352142e+002 3.73e-002 7.46e-001  -6.5 8.96e+000    -  2.21e-001 6.59e-002h  1
 329 5.7347006e+002 4.13e-002 8.64e-001  -6.9 1.28e+001    -  1.06e-001 3.19e-002h  1
iter    objective    inf_pr   inf_du lg(mu)  ||d||  lg(rg) alpha_du alpha_pr  ls
 330 5.7342386e+002 4.65e-002 9.86e-001  -7.0 1.14e+001    -  2.09e-001 4.48e-002f  2
 331 5.7339233e+002 4.58e-002 1.01e+000  -7.1 1.07e+001    -  1.96e-001 9.98e-002h  2
 332 5.7359151e+002 3.98e-002 9.08e-001  -6.9 1.00e+001    -  1.40e-001 1.96e-001h  1
 333 5.7334514e+002 3.39e-002 5.89e-001  -7.0 1.93e+000    -  2.55e-001 2.73e-001h  1
 334 5.7331413e+002 3.66e-002 4.01e-001  -6.7 7.20e+000    -  1.81e-001 9.28e-002f  2
 335 5.7365675e+002 2.26e-002 2.97e-001  -6.6 3.21e+000    -  6.05e-001 4.39e-001h  1
 336 5.7324075e+002 1.14e-002 1.97e-001  -6.8 5.84e-001    -  5.54e-001 5.29e-001h  1
 337 5.7310606e+002 8.86e-003 1.62e-001  -6.8 8.51e-001    -  5.18e-001 2.24e-001f  1
 338 5.7302400e+002 6.94e-004 1.72e-002  -6.9 5.28e-001    -  1.00e+000 9.40e-001h  1
 339 5.7291102e+002 4.27e-004 6.99e-002  -7.7 4.31e-001    -  8.94e-001 5.07e-001h  1
iter    objective    inf_pr   inf_du lg(mu)  ||d||  lg(rg) alpha_du alpha_pr  ls
 340 5.7286618e+002 4.48e-004 2.30e-002  -7.1 4.66e-001    -  8.48e-001 1.00e+000h  1
 341 5.7283185e+002 3.72e-004 5.67e-002  -7.8 4.74e-001    -  1.00e+000 1.98e-001h  1
 342 5.7277380e+002 8.61e-004 5.23e-002  -7.3 4.92e-001    -  1.00e+000 7.05e-001h  1
 343 5.7273774e+002 8.19e-004 6.41e-002  -7.5 3.18e-001    -  4.47e-001 1.79e-001h  1
 344 5.7270769e+002 7.95e-004 6.75e-002  -7.7 5.62e-001    -  3.62e-001 1.28e-001h  1
 345 5.7268825e+002 1.61e-003 8.60e-002  -7.5 6.07e-001    -  4.72e-001 2.16e-001h  1
 346 5.7272264e+002 3.39e-003 1.29e-001  -6.9 6.80e-001    -  1.64e-001 2.38e-001h  2
 347 5.7270871e+002 7.23e-003 2.05e-001  -7.4 1.52e+000    -  2.41e-001 2.46e-001h  1
 348 5.7265697e+002 8.49e-003 2.58e-001  -7.4 1.94e+000    -  7.11e-002 8.05e-002f  1
 349 5.7259915e+002 1.07e-002 3.23e-001 -11.0 4.29e+000    -  2.55e-002 4.31e-002h  1
iter    objective    inf_pr   inf_du lg(mu)  ||d||  lg(rg) alpha_du alpha_pr  ls
 350 5.7256521e+002 1.19e-002 3.64e-001  -7.3 8.77e+000    -  8.66e-002 1.50e-002h  1
 351 5.7254175e+002 1.34e-002 3.85e-001  -7.3 4.33e+000    -  7.16e-002 8.30e-002h  1
 352 5.7252564e+002 1.33e-002 4.10e-001  -8.8 2.62e+000    -  6.28e-002 1.86e-002h  1
 353 5.7275352e+002 3.47e-002 4.82e-001  -6.3 1.69e+001    -  5.28e-002 7.94e-002h  1
 354 5.7270207e+002 3.46e-002 5.82e-001  -7.3 9.17e+000    -  1.22e-001 2.26e-002h  1
 355 5.7258289e+002 3.99e-002 5.55e-001  -7.3 1.15e+001    -  6.09e-002 4.32e-002f  1
 356 5.7250423e+002 4.07e-002 5.48e-001  -7.3 1.45e+001    -  5.43e-002 1.24e-002h  1
 357 5.7246527e+002 3.90e-002 5.21e-001 -11.0 5.99e+000    -  1.61e-001 4.94e-002h  1
 358 5.7240062e+002 3.46e-002 4.62e-001 -11.0 8.81e-001    -  2.00e-001 1.13e-001h  1
 359 5.7223209e+002 2.00e-002 2.67e-001  -8.1 8.38e-001    -  6.31e-001 4.23e-001h  1
iter    objective    inf_pr   inf_du lg(mu)  ||d||  lg(rg) alpha_du alpha_pr  ls
 360 5.7221186e+002 1.82e-002 2.44e-001 -11.0 7.92e-001    -  5.83e-001 8.70e-002h  1
 361 5.7219149e+002 1.62e-002 2.17e-001  -8.8 9.40e-001    -  6.97e-001 1.10e-001h  1
 362 5.7214654e+002 1.07e-002 1.43e-001  -7.9 1.34e+000    -  6.80e-001 3.38e-001h  1
 363 5.7211965e+002 7.80e-003 1.17e-001  -8.0 1.14e+000    -  6.07e-001 2.75e-001h  1
 364 5.7209935e+002 4.34e-003 5.75e-002  -8.0 8.11e-001    -  8.57e-001 4.46e-001h  1
 365 5.7208394e+002 2.22e-003 3.84e-002  -8.4 6.40e-001    -  7.53e-001 4.93e-001h  1
 366 5.7206773e+002 1.02e-003 3.10e-002  -8.2 9.54e-002    -  9.35e-001 5.44e-001h  1
 367 5.7205215e+002 6.59e-004 2.79e-002 -10.2 1.04e-001    -  3.77e-001 3.55e-001h  1
 368 5.7204420e+002 4.46e-004 2.48e-002  -8.4 1.64e-001    -  2.57e-001 3.32e-001h  1
 369 5.7203964e+002 4.13e-004 2.67e-002 -11.0 3.99e-001    -  2.90e-001 7.94e-002h  1
iter    objective    inf_pr   inf_du lg(mu)  ||d||  lg(rg) alpha_du alpha_pr  ls
 370 5.7203123e+002 4.05e-004 3.45e-002  -9.3 2.77e+000    -  1.05e-001 4.34e-002h  1
 371 5.7205420e+002 7.96e-004 1.18e-001  -7.0 2.28e+000    -  3.02e-002 1.34e-001h  1
 372 5.7205201e+002 7.85e-004 1.19e-001  -8.3 7.51e-001    -  2.34e-001 1.76e-002h  1
 373 5.7203471e+002 1.03e-003 9.08e-002  -8.3 1.79e+000    -  1.78e-001 7.07e-002f  1
 374 5.7201779e+002 1.38e-003 8.96e-002  -8.3 7.04e+000    -  1.93e-002 2.05e-002h  1
 375 5.7201475e+002 1.38e-003 1.47e-001  -7.7 4.81e+000    -  5.73e-002 4.10e-003f  1
 376 5.7200885e+002 1.36e-003 6.45e-001 -11.0 1.22e+000    -  1.34e-001 3.28e-002h  1
 377 5.7200414e+002 1.36e-003 3.51e-001  -7.7 7.39e+000    -  1.74e-001 6.86e-003h  1
 378 5.7199820e+002 2.53e-003 4.15e-001  -7.1 5.52e+000    -  7.20e-002 5.18e-002h  1
 379 5.7199432e+002 2.84e-003 1.30e-001  -6.8 6.50e+000    -  1.10e-001 2.35e-002h  1
iter    objective    inf_pr   inf_du lg(mu)  ||d||  lg(rg) alpha_du alpha_pr  ls
 380 5.7198167e+002 3.86e-003 3.52e-001  -7.3 8.83e+000    -  1.02e-001 3.01e-002h  1
 381 5.7197980e+002 5.10e-003 3.21e-001  -6.9 7.47e+000    -  1.17e-001 3.83e-002h  1
 382 5.7200202e+002 8.70e-003 2.88e-001  -6.9 5.35e+000    -  1.99e-001 9.22e-002h  2
 383 5.7199017e+002 9.18e-003 2.78e-001  -7.3 6.05e+000    -  1.43e-001 3.44e-002h  3
 384 5.7198179e+002 9.12e-003 2.65e-001  -7.3 3.51e+000    -  2.48e-001 3.35e-002h  4
 385 5.7196987e+002 8.40e-003 2.43e-001  -7.3 1.64e+000    -  5.77e-001 1.87e-001h  1
 386 5.7196626e+002 1.02e-002 2.68e-001  -7.5 3.63e+000    -  3.12e-001 9.78e-002h  1
 387 5.7207352e+002 2.50e-002 3.39e-001  -6.8 4.79e+000  -7.8 2.41e-001 1.87e-001h  1
 388 5.7210089e+002 2.51e-002 3.53e-001  -7.3 4.90e+000    -  2.96e-001 8.81e-002h  1
 389 5.7202506e+002 1.87e-002 2.96e-001  -7.3 1.30e+000    -  2.30e-001 2.65e-001f  1
iter    objective    inf_pr   inf_du lg(mu)  ||d||  lg(rg) alpha_du alpha_pr  ls
 390 5.7193459e+002 1.17e-002 1.57e+000  -7.3 5.45e-001    -  7.77e-002 3.99e-001f  1
 391 5.7201126e+002 6.66e-003 7.90e-001  -7.0 8.01e-001    -  4.08e-001 4.89e-001f  1
 392 5.7195750e+002 4.38e-004 5.24e-002  -7.2 2.45e-001    -  1.00e+000 9.35e-001h  1
 393 5.7188874e+002 7.16e-004 8.52e-003  -7.3 2.55e-001    -  1.00e+000 8.68e-001f  1
 394 5.7191519e+002 8.02e-004 1.74e-002  -7.0 6.92e-001    -  4.30e-001 2.62e-001h  2
 395 5.7188165e+002 3.58e-004 3.65e-002  -7.2 2.17e-001    -  7.07e-001 1.00e+000h  1
 396 5.7186024e+002 3.72e-004 5.14e-002  -7.2 8.32e-001    -  7.08e-001 2.13e-001h  3
 397 5.7197510e+002 5.21e-007 4.05e-002  -7.2 4.51e-001    -  9.49e-001 1.00e+000H  1
 398 5.7182510e+002 4.63e-005 3.63e-002  -8.0 2.33e-001    -  1.00e+000 5.34e-001h  1
 399 5.7176419e+002 1.08e-004 2.42e-002  -9.0 3.32e-001    -  6.54e-001 4.12e-001h  1
iter    objective    inf_pr   inf_du lg(mu)  ||d||  lg(rg) alpha_du alpha_pr  ls
 400 5.7174497e+002 1.08e-004 2.85e-002  -8.7 1.98e-001    -  2.81e-001 1.68e-001h  1
 401 5.7172738e+002 1.59e-004 2.28e-002  -8.1 8.41e-001    -  3.15e-001 2.20e-001h  1
 402 5.7171855e+002 2.53e-004 2.91e-002  -8.0 1.47e+000    -  3.63e-001 1.65e-001h  1
 403 5.7171753e+002 2.51e-004 6.92e-002  -8.6 1.29e+000    -  6.33e-001 6.43e-003h  1
 404 5.7169633e+002 1.01e-003 7.79e-002  -8.5 3.72e+000    -  2.77e-001 1.42e-001h  1
 405 5.7169092e+002 1.13e-003 7.93e-002  -9.2 3.19e+000    -  2.10e-001 8.03e-002h  1
 406 5.7167985e+002 1.03e-003 7.98e-002  -8.2 1.00e+000    -  4.38e-001 1.75e-001h  1
 407 5.7166868e+002 1.00e-003 8.64e-002  -7.5 1.58e+000    -  2.22e-001 1.13e-001h  1
 408 5.7169755e+002 9.28e-004 8.44e-002  -8.0 1.07e+000    -  2.40e-001 3.58e-001H  1
 409 5.7167870e+002 7.63e-004 8.13e-002  -7.7 5.89e-001    -  6.65e-001 2.25e-001h  1
iter    objective    inf_pr   inf_du lg(mu)  ||d||  lg(rg) alpha_du alpha_pr  ls
 410 5.7176347e+002 2.06e-006 5.43e-002  -7.4 5.38e-001    -  2.62e-001 1.00e+000H  1
 411 5.7172484e+002 1.12e-004 3.36e-002  -7.8 4.58e-001    -  6.96e-001 3.97e-001h  1
 412 5.7170131e+002 1.06e-004 4.04e-002 -11.0 3.95e-001    -  4.30e-001 1.10e-001h  1
 413 5.7168711e+002 1.07e-004 4.26e-002  -8.9 6.89e-001    -  5.15e-001 6.85e-002h  1
 414 5.7166200e+002 1.07e-004 4.02e-002  -9.6 4.71e-001    -  8.19e-001 2.34e-001h  1
 415 5.7164759e+002 9.30e-005 3.93e-002  -9.1 2.31e-001    -  9.90e-001 1.46e-001h  1
 416 5.7162718e+002 5.93e-005 2.00e-002  -9.9 1.49e-001    -  7.14e-001 5.09e-001h  1
 417 5.7162189e+002 5.10e-005 1.88e-002  -9.2 4.21e-002    -  1.00e+000 1.38e-001h  1
 418 5.7161223e+002 3.15e-005 1.30e-002  -9.2 4.50e-002    -  1.00e+000 3.93e-001h  1
 419 5.7160479e+002 1.54e-005 6.53e-003  -9.1 4.99e-002    -  1.00e+000 5.86e-001h  1
iter    objective    inf_pr   inf_du lg(mu)  ||d||  lg(rg) alpha_du alpha_pr  ls
 420 5.7160228e+002 1.33e-005 8.29e-003  -8.8 5.19e-002    -  1.00e+000 5.00e-001h  1
 421 5.7160015e+002 1.84e-005 2.79e-002  -9.0 1.03e-001    -  9.85e-001 2.45e-001h  1
 422 5.7159847e+002 9.21e-005 1.71e-002  -8.1 4.06e-001    -  2.41e-001 1.84e-001h  1
 423 5.7159383e+002 1.45e-004 3.95e-002  -8.6 2.03e+000    -  1.75e-001 3.20e-002h  1
 424 5.7158363e+002 6.33e-004 1.65e-001  -7.2 8.73e+000    -  7.07e-002 2.18e-002h  1
 425 5.7160690e+002 2.76e-003 1.52e-001  -7.3 1.42e+001    -  5.93e-002 2.81e-002h  1
 426 5.7160348e+002 2.68e-003 1.01e-001  -8.1 1.63e+000    -  1.59e-001 5.24e-002h  1
 427 5.7159270e+002 2.76e-003 1.04e-001  -8.1 1.42e+000    -  1.09e-001 1.45e-001f  1
 428 5.7157915e+002 3.13e-003 1.22e-001  -8.1 1.50e+000    -  1.32e-001 1.57e-001f  1
 429 5.7183749e+002 6.15e-003 4.21e-001  -7.0 1.88e+000    -  7.03e-002 3.80e-001f  1
iter    objective    inf_pr   inf_du lg(mu)  ||d||  lg(rg) alpha_du alpha_pr  ls
 430 5.7171334e+002 4.37e-003 2.95e-001  -7.9 5.96e-001    -  7.60e-001 3.08e-001h  1
 431 5.7161701e+002 3.48e-003 2.22e-001  -7.9 9.28e-001    -  3.03e-001 2.54e-001h  1
 432 5.7159026e+002 2.25e-003 1.47e-001  -7.9 3.35e-001    -  9.08e-001 3.63e-001f  1
 433 5.7156522e+002 1.36e-003 8.93e-002  -7.9 1.24e-001    -  2.63e-001 3.97e-001f  1
 434 5.7154071e+002 6.39e-004 2.85e-002  -9.0 5.88e-002    -  8.61e-001 5.29e-001h  1
 435 5.7152730e+002 1.08e-004 6.68e-003  -8.3 3.95e-002    -  1.00e+000 8.41e-001h  1
 436 5.7152350e+002 7.34e-005 3.82e-002  -8.3 1.25e-001    -  1.00e+000 5.86e-001h  1
 437 5.7151499e+002 8.20e-005 2.49e-002  -8.7 1.61e-001    -  1.00e+000 4.17e-001h  1
 438 5.7151194e+002 1.02e-004 9.78e-002  -7.7 1.02e+000    -  3.54e-001 6.11e-002h  1
 439 5.7151055e+002 1.03e-004 8.23e-002  -8.1 6.98e-001    -  3.04e-001 1.44e-002h  1
iter    objective    inf_pr   inf_du lg(mu)  ||d||  lg(rg) alpha_du alpha_pr  ls
 440 5.7151111e+002 4.12e-004 6.80e-002  -7.8 6.79e-001    -  3.01e-001 1.81e-001h  2
 441 5.7150397e+002 9.32e-004 4.16e-002  -8.1 6.74e-001    -  5.19e-001 2.52e-001h  1
 442 5.7150521e+002 1.80e-003 7.20e-002  -7.0 4.03e+000    -  1.21e-001 4.81e-002f  1
 443 5.7149109e+002 4.27e-003 1.14e-001  -7.8 4.30e+000    -  4.11e-002 7.69e-002h  1
 444 5.7150176e+002 4.54e-003 1.32e-001  -7.2 5.12e+000    -  1.80e-001 2.74e-002f  2
 445 5.7174628e+002 1.04e-003 7.17e-002  -7.7 3.12e-001    -  5.00e-001 1.00e+000h  1
 446 5.7150469e+002 2.62e-003 3.40e-002  -7.7 3.64e-001    -  9.38e-002 1.00e+000h  1
 447 5.7154166e+002 2.25e-003 2.51e-002  -7.7 4.45e-001    -  2.32e-001 2.66e-001h  1
 448 5.7149718e+002 3.81e-004 2.11e-002  -7.7 1.45e-001    -  5.58e-002 1.00e+000f  1
 449 5.7168644e+002 8.38e-007 3.87e-002  -7.6 2.75e-001    -  9.04e-001 1.00e+000H  1
iter    objective    inf_pr   inf_du lg(mu)  ||d||  lg(rg) alpha_du alpha_pr  ls
 450 5.7153272e+002 6.89e-004 8.18e-003  -7.4 1.72e-001    -  1.00e+000 1.00e+000h  1
 451 5.7153611e+002 2.56e-004 1.06e-002  -7.5 5.02e-002    -  1.00e+000 6.69e-001h  1
 452 5.7151633e+002 1.48e-005 1.50e-003  -7.5 2.48e-002    -  1.00e+000 1.00e+000f  1
 453 5.7148896e+002 8.58e-006 2.66e-002  -8.2 1.37e-002    -  1.00e+000 6.14e-001h  1
 454 5.7147263e+002 7.39e-005 5.30e-002  -7.9 3.56e-001    -  1.00e+000 3.53e-001h  1
 455 5.7146544e+002 1.06e-003 4.69e-002  -7.1 1.00e+001    -  1.55e-001 4.62e-002h  1
 456 5.7150058e+002 1.83e-003 7.52e-002  -6.1 2.01e+001  -8.3 1.97e-002 2.38e-002f  1
 457 5.7149475e+002 1.88e-003 3.17e-001  -7.5 2.36e+001    -  2.65e-002 5.18e-003h  1
 458 5.7149162e+002 2.02e-003 2.49e-001  -7.5 9.07e+000    -  2.33e-001 2.71e-002f  2
 459 5.7147988e+002 2.97e-003 2.31e-001  -7.5 1.84e+001    -  2.47e-002 2.90e-002h  1
iter    objective    inf_pr   inf_du lg(mu)  ||d||  lg(rg) alpha_du alpha_pr  ls
 460 5.7147073e+002 5.21e-003 3.61e-001  -7.5 2.23e+001    -  1.02e-001 3.33e-002h  3
 461 5.7146302e+002 9.89e-003 3.52e-001  -7.5 7.11e+001    -  2.66e-002 1.62e-002h  2
 462 5.7145104e+002 1.91e-002 3.49e-001  -6.9 6.99e+001    -  6.39e-002 2.32e-002h  1
 463 5.7178728e+002 5.25e-002 5.87e-001  -6.0 8.65e+001  -7.9 5.16e-002 3.25e-002h  1
 464 5.7176850e+002 5.20e-002 6.13e-001  -7.2 2.07e+001    -  5.92e-002 1.47e-002h  1
 465 5.7173127e+002 4.95e-002 7.18e-001  -7.2 6.54e+000    -  3.17e-001 2.79e-001f  1
 466 5.7166537e+002 5.19e-002 7.41e-001  -7.2 9.57e+000    -  9.06e-002 4.97e-002h  1
 467 5.7155213e+002 4.63e-002 6.55e-001  -7.2 1.52e+000    -  2.51e-001 1.24e-001h  1
 468 5.7151341e+002 4.21e-002 3.55e-001  -7.2 4.72e+000    -  3.44e-001 2.79e-001h  1
 469 5.7146539e+002 4.14e-002 2.95e-001  -7.2 1.19e+001    -  1.19e-001 3.83e-002h  3
iter    objective    inf_pr   inf_du lg(mu)  ||d||  lg(rg) alpha_du alpha_pr  ls
 470 5.7148185e+002 3.60e-002 2.07e-001  -7.2 2.13e+000    -  4.50e-001 1.60e-001h  1
 471 5.7143940e+002 1.82e-002 1.01e-001  -7.2 6.61e-001    -  5.69e-001 5.00e-001h  2
 472 5.7133763e+002 1.22e-002 8.49e-002 -11.0 1.24e+000    -  2.85e-001 3.75e-001h  1
 473 5.7152041e+002 9.90e-003 1.28e-001  -7.0 2.23e+000    -  6.45e-001 3.26e-001h  1
 474 5.7145661e+002 6.62e-003 1.27e-001  -7.2 5.11e-001    -  2.73e-001 3.46e-001h  1
 475 5.7169515e+002 4.93e-003 3.08e-001  -6.6 6.28e-001    -  3.03e-001 1.00e+000f  1
 476 5.7164776e+002 3.78e-003 3.33e-001  -7.0 5.11e-001    -  8.33e-001 2.64e-001h  1
 477 5.7149579e+002 2.19e-003 1.67e-001  -7.0 3.81e-001    -  5.07e-001 4.98e-001f  1
 478 5.7146002e+002 1.92e-003 1.27e-001  -7.0 9.50e-001    -  3.55e-001 2.03e-001f  3
 479 5.7139037e+002 1.54e-003 1.39e-001  -8.2 6.20e-001    -  7.85e-001 3.70e-001h  1
iter    objective    inf_pr   inf_du lg(mu)  ||d||  lg(rg) alpha_du alpha_pr  ls
 480 5.7136474e+002 1.92e-004 2.37e-002  -7.1 1.13e-001    -  1.00e+000 8.76e-001h  1
 481 5.7128169e+002 7.82e-005 5.17e-002  -7.7 2.78e-002    -  1.00e+000 6.63e-001h  1
 482 5.7124236e+002 5.34e-005 4.87e-002  -8.1 5.79e-002    -  1.00e+000 4.86e-001h  1
 483 5.7121815e+002 3.36e-005 3.05e-002  -8.1 1.33e-001    -  1.00e+000 3.63e-001h  1
 484 5.7121539e+002 6.31e-005 6.67e-002  -7.6 9.85e-002    -  1.00e+000 3.02e-001h  1
 485 5.7120011e+002 7.50e-005 2.85e-002  -7.9 1.05e-001    -  1.00e+000 6.80e-001h  1
 486 5.7119179e+002 1.84e-004 2.01e-002  -7.9 1.94e-001    -  8.17e-001 5.26e-001h  1
 487 5.7118414e+002 2.10e-004 5.53e-002  -7.9 3.23e-001    -  6.05e-001 2.94e-001h  1
 488 5.7117784e+002 2.32e-004 5.29e-002  -8.0 5.59e-001    -  9.34e-001 1.50e-001h  1
 489 5.7117662e+002 4.19e-004 6.64e-002  -7.7 5.29e-001    -  5.44e-001 2.64e-001h  2
iter    objective    inf_pr   inf_du lg(mu)  ||d||  lg(rg) alpha_du alpha_pr  ls
 490 5.7117293e+002 4.18e-004 3.83e-002  -7.9 5.19e-001    -  8.12e-001 1.50e-001h  3
 491 5.7117635e+002 5.71e-004 4.22e-002  -7.6 5.51e-001    -  6.43e-001 3.08e-001h  2
 492 5.7117088e+002 1.01e-003 6.40e-002  -7.8 1.19e+000    -  5.46e-001 2.20e-001h  1
 493 5.7118002e+002 1.97e-003 1.06e-001  -7.1 2.67e+000    -  2.74e-001 1.43e-001f  1
 494 5.7118015e+002 1.97e-003 6.73e-001  -7.6 2.64e+000    -  4.94e-001 6.78e-002h  3
 495 5.7117820e+002 1.73e-003 1.92e-001  -7.6 2.96e-001    -  6.67e-001 1.23e-001h  1
 496 5.7117467e+002 9.18e-004 8.45e-002  -7.6 1.66e-001    -  8.26e-001 4.67e-001f  1
 497 5.7117432e+002 4.95e-004 3.91e-002  -7.6 7.70e-002    -  6.73e-001 5.00e-001f  2
 498 5.7117507e+002 3.66e-005 1.29e-002  -7.6 2.22e-001    -  1.00e+000 1.00e+000h  1
 499 5.7122016e+002 1.79e-004 6.84e-002  -7.2 1.18e+000    -  7.25e-001 4.23e-001h  1
iter    objective    inf_pr   inf_du lg(mu)  ||d||  lg(rg) alpha_du alpha_pr  ls
 500 5.7128592e+002 5.65e-005 7.17e-002  -7.4 7.72e-001    -  1.00e+000 9.16e-001H  1
 501 5.7122986e+002 1.28e-004 6.00e-002  -7.4 2.13e-001    -  5.60e-001 4.55e-001f  2
 502 5.7121622e+002 1.07e-004 4.58e-002  -7.4 3.48e-001    -  4.49e-001 1.83e-001h  1
 503 5.7120542e+002 9.24e-005 6.51e-002  -7.4 3.60e-001    -  1.00e+000 4.28e-001f  2
 504 5.7119849e+002 8.60e-005 2.42e-002  -7.4 1.73e-001    -  5.39e-001 6.37e-001h  1
 505 5.7119673e+002 9.50e-006 1.48e-002  -7.4 1.17e-001    -  6.75e-001 1.00e+000f  1
 506 5.7116166e+002 5.86e-006 3.57e-002  -8.1 2.58e-002    -  1.00e+000 5.92e-001h  1
 507 5.7114477e+002 5.84e-006 2.96e-002  -8.6 1.21e-002    -  1.00e+000 3.78e-001h  1
 508 5.7112865e+002 9.08e-006 1.02e-001  -9.1 7.03e-002    -  1.00e+000 4.01e-001h  1
 509 5.7112323e+002 9.36e-006 1.97e-001  -9.5 1.88e-001    -  1.00e+000 1.54e-001h  1
iter    objective    inf_pr   inf_du lg(mu)  ||d||  lg(rg) alpha_du alpha_pr  ls
 510 5.7112164e+002 1.08e-005 6.67e-002  -8.0 2.78e-001    -  9.78e-001 1.50e-001h  1
 511 5.7111756e+002 1.69e-005 8.34e-002  -8.3 3.22e-001    -  1.00e+000 2.65e-001h  1
 512 5.7111322e+002 3.19e-005 7.78e-002  -9.0 7.98e-001    -  8.89e-001 1.54e-001h  1
 513 5.7111252e+002 3.19e-005 2.35e-001  -9.3 3.81e-001    -  7.89e-001 1.94e-002h  1
 514 5.7111197e+002 4.34e-005 1.39e-001  -8.2 2.89e-001    -  6.16e-001 1.41e-001h  3
 515 5.7111720e+002 3.30e-004 6.53e-002  -8.0 3.19e-001    -  1.00e+000 5.67e-001h  1
 516 5.7111549e+002 4.42e-004 3.84e-002  -8.1 1.18e+000    -  2.58e-001 1.03e-001h  2
 517 5.7111406e+002 7.24e-004 5.56e-002  -8.1 1.53e+000    -  1.17e-001 1.25e-001h  1
 518 5.7111380e+002 6.94e-004 7.84e-002  -8.1 7.09e-001    -  2.45e-001 9.01e-002f  3
 519 5.7111029e+002 4.70e-004 4.87e-002  -8.1 1.19e-001    -  3.75e-001 3.44e-001h  1
iter    objective    inf_pr   inf_du lg(mu)  ||d||  lg(rg) alpha_du alpha_pr  ls
 520 5.7110551e+002 3.00e-004 3.54e-002  -9.6 1.24e-001    -  4.76e-001 3.91e-001h  1
 521 5.7109712e+002 2.14e-005 1.15e-002  -8.4 4.25e-002    -  1.00e+000 9.91e-001h  1
 522 5.7109311e+002 2.32e-005 6.59e-002  -9.1 8.88e-002    -  1.00e+000 4.45e-001h  1
 523 5.7109175e+002 4.09e-005 3.64e-002  -8.7 1.98e-001    -  2.29e-001 3.12e-001h  1
 524 5.7109121e+002 1.83e-004 3.43e-002  -7.9 2.80e+000    -  2.25e-001 5.76e-002h  1
 525 5.7109141e+002 6.43e-004 5.24e-002  -7.5 6.56e+000    -  5.49e-002 4.50e-002h  1
 526 5.7109073e+002 6.45e-004 7.27e-002  -8.4 6.27e+000    -  1.46e-001 5.81e-003h  1
 527 5.7109186e+002 5.96e-004 1.45e-001  -8.1 1.16e+000    -  3.98e-001 1.21e-001f  2
 528 5.7108970e+002 5.98e-004 1.38e-001  -8.3 1.74e+000    -  1.14e-001 8.18e-002h  1
 529 5.7109455e+002 5.05e-004 1.03e-001  -8.0 1.02e+000    -  1.53e-001 2.09e-001f  2
iter    objective    inf_pr   inf_du lg(mu)  ||d||  lg(rg) alpha_du alpha_pr  ls
 530 5.7108901e+002 4.73e-004 2.26e-001  -8.3 1.35e+000    -  3.51e-001 1.15e-001h  2
 531 5.7108747e+002 4.66e-004 2.14e-001  -8.4 1.17e+000    -  2.57e-001 1.07e-001h  2
 532 5.7110265e+002 3.34e-004 5.55e-002  -8.0 4.51e-001    -  8.35e-001 5.01e-001h  1
 533 5.7109384e+002 1.97e-004 6.70e-002  -8.1 2.07e-001    -  5.28e-001 6.19e-001h  1
 534 5.7108221e+002 1.56e-004 2.88e-002  -8.1 1.63e-001    -  2.50e-001 2.77e-001f  1
 535 5.7107419e+002 7.23e-005 3.67e-002  -8.3 1.09e-001    -  1.00e+000 6.87e-001f  1
 536 5.7106897e+002 4.91e-005 1.82e-001  -8.9 1.50e-001    -  9.69e-001 3.67e-001h  1
 537 5.7106809e+002 5.17e-005 1.23e-002  -8.6 1.66e-001    -  1.00e+000 1.00e+000h  1
 538 5.7106752e+002 4.91e-005 1.42e-001  -8.2 3.98e-001    -  8.87e-001 2.27e-001h  1
 539 5.7108650e+002 7.34e-005 7.44e-002  -8.0 1.91e-001    -  5.39e-001 6.72e-001h  1
iter    objective    inf_pr   inf_du lg(mu)  ||d||  lg(rg) alpha_du alpha_pr  ls
 540 5.7107250e+002 2.99e-005 4.57e-002  -8.2 3.37e-002    -  3.66e-001 6.04e-001h  1
 541 5.7106296e+002 2.35e-005 3.63e+000 -11.0 7.58e-002    -  1.48e-004 4.17e-001h  1
 542 5.7106266e+002 2.32e-005 3.57e+000 -10.0 3.43e-001    -  5.00e-002 1.55e-002h  1
 543 5.7106135e+002 1.58e-004 2.91e+000  -8.2 1.27e+000    -  3.34e-003 2.16e-001h  2
 544 5.7105836e+002 2.96e-004 2.80e+000  -8.2 8.82e+000    -  3.94e-002 3.52e-002h  1
 545 5.7105700e+002 3.06e-004 2.73e+000 -11.0 5.05e+000    -  6.34e-002 2.46e-002h  1
 546 5.7111598e+002 1.63e-004 9.45e-001  -8.3 7.65e-001    -  7.98e-002 6.54e-001H  1
 547 5.7109257e+002 1.38e-004 7.62e-001  -8.3 1.35e-001    -  1.77e-001 1.93e-001f  1
 548 5.7107712e+002 1.19e-004 6.58e-001  -8.3 5.91e-002    -  2.07e-002 1.37e-001f  1
 549 5.7105882e+002 8.55e-005 1.49e+005  -8.3 2.96e-001    -  1.95e-008 3.01e-001f  1
iter    objective    inf_pr   inf_du lg(mu)  ||d||  lg(rg) alpha_du alpha_pr  ls
 550 5.7105908e+002 8.19e-005 1.09e+005  -8.2 2.80e-001    -  5.60e-001 2.73e-001f  2
 551 5.7104535e+002 2.79e-005 3.41e+004  -8.2 1.15e-001    -  1.00e+000 6.86e-001h  1
 552 5.7104218e+002 1.49e-005 1.49e+004  -8.8 7.31e-002    -  7.22e-001 5.63e-001h  1
 553 5.7103888e+002 1.19e-005 1.17e+004 -11.0 1.63e-002    -  7.42e-001 2.16e-001h  1
 554 5.7103703e+002 1.03e-005 9.97e+003 -10.6 2.24e-002    -  8.19e-001 1.48e-001h  1
 555 5.7103518e+002 8.97e-006 8.28e+003  -9.7 3.96e-002    -  1.74e-001 1.70e-001h  1
 556 5.7103282e+002 1.12e-005 6.74e+003 -11.0 1.28e-001    -  3.50e-007 1.86e-001h  1
 557 5.7103094e+002 1.43e-005 5.76e+003  -9.7 2.06e-001    -  2.00e-002 1.46e-001h  1
 558 5.7102958e+002 2.12e-005 5.61e+003  -9.7 1.30e+000    -  1.28e-001 2.59e-002f  1
 559 5.7102884e+002 2.36e-005 5.10e+003  -9.7 2.66e-001    -  5.42e-001 9.07e-002h  1
iter    objective    inf_pr   inf_du lg(mu)  ||d||  lg(rg) alpha_du alpha_pr  ls
 560 5.7102717e+002 3.70e-005 4.38e+003  -9.7 3.18e-001    -  4.85e-001 1.41e-001f  1
 561 5.7102529e+002 1.26e-004 4.29e+003  -8.5 4.86e+000    -  4.90e-002 2.10e-002f  1
 562 5.7102407e+002 1.94e-004 4.14e+003  -9.5 3.17e+000    -  6.02e-002 3.53e-002h  2
 563 5.7102295e+002 2.15e-004 4.02e+003  -9.1 2.86e+000    -  2.25e-001 2.74e-002h  2
 564 5.7102160e+002 3.38e-004 3.85e+003  -9.4 3.59e+000    -  1.16e-001 4.38e-002h  1
 565 5.7102002e+002 3.34e-004 3.74e+003  -9.4 2.77e+000    -  2.17e-001 2.72e-002f  1
 566 5.7101597e+002 3.45e-004 3.63e+003  -9.7 6.47e+000    -  2.04e-001 3.02e-002f  1
 567 5.7101148e+002 5.66e-004 3.61e+003  -8.5 5.30e+001    -  3.82e-002 5.80e-003h  1
 568 5.7101035e+002 6.94e-004 3.56e+003 -11.0 1.77e+001    -  4.22e-002 1.40e-002h  1
 569 5.7100984e+002 6.91e-004 3.54e+003  -9.4 2.37e+000    -  2.32e-002 4.73e-003h  1
iter    objective    inf_pr   inf_du lg(mu)  ||d||  lg(rg) alpha_du alpha_pr  ls
 570 5.7100912e+002 6.77e-004 3.47e+003  -9.4 8.00e-001    -  2.15e-001 2.08e-002f  1
 571 5.7100572e+002 6.58e-004 3.38e+003  -9.4 5.59e+000    -  5.47e-002 2.58e-002f  2
 572 5.7100483e+002 6.18e-004 3.20e+003  -8.3 3.98e+000    -  1.62e-001 5.35e-002h  1
 573 5.7100243e+002 5.94e-004 3.06e+003  -9.0 2.75e+000    -  4.03e-002 4.25e-002h  1
 574 5.7100196e+002 5.92e-004 3.05e+003  -9.1 3.38e+000    -  1.33e-001 3.80e-003h  1
 575 5.7099703e+002 5.98e-004 3.01e+003  -9.0 9.06e+000    -  2.37e-003 1.40e-002h  1
 576 5.7099641e+002 5.99e-004 2.86e+003 -11.0 1.83e+000    -  1.07e-001 4.92e-002h  1
 577 5.7099583e+002 5.41e-004 2.58e+003  -8.3 9.51e-002    -  3.04e-001 9.84e-002h  1
 578 5.7099566e+002 2.32e-004 1.03e+003  -8.3 5.91e-002    -  1.87e-001 6.01e-001h  1
 579 5.7099921e+002 1.77e-005 4.24e-003  -8.3 3.95e-002    -  1.00e+000 1.00e+000h  1
iter    objective    inf_pr   inf_du lg(mu)  ||d||  lg(rg) alpha_du alpha_pr  ls
 580 5.7099381e+002 8.50e-006 1.45e-001  -8.9 7.21e-003    -  1.00e+000 5.26e-001h  1
 581 5.7099016e+002 4.55e-006 1.67e-001  -9.5 1.44e-002    -  1.00e+000 5.40e-001h  1
 582 5.7098814e+002 1.16e-006 3.28e-002  -9.2 1.10e-002    -  1.00e+000 7.81e-001h  1
 583 5.7098762e+002 1.42e-006 1.43e-001  -9.3 4.93e-002    -  1.00e+000 2.84e-001h  1
 584 5.7098711e+002 4.06e-006 1.14e-001  -9.5 1.70e-001    -  7.85e-001 1.81e-001h  1
 585 5.7098774e+002 9.73e-006 9.93e-002  -8.3 3.07e-001    -  1.42e-001 1.38e-001h  1
 586 5.7098719e+002 1.08e-005 1.05e-001  -9.1 5.37e-001    -  8.37e-002 4.52e-002h  1
 587 5.7098660e+002 2.28e-005 8.70e-002  -9.1 9.04e-001    -  2.46e-002 8.10e-002f  2
 588 5.7098653e+002 3.41e-005 7.92e-002 -11.0 5.64e-001    -  1.96e-001 1.52e-001h  1
In iteration 588, 1 Slack too small, adjusting variable bound
 589 5.7098606e+002 3.34e-005 7.51e-002  -9.2 5.08e-001    -  3.28e-002 3.75e-002h  1
iter    objective    inf_pr   inf_du lg(mu)  ||d||  lg(rg) alpha_du alpha_pr  ls
 590 5.7098568e+002 3.07e-005 1.68e-001  -9.1 5.76e-002    -  3.98e-001 8.18e-002f  1
 591 5.7099521e+002 1.70e-005 7.06e-001  -8.2 1.02e-001    -  3.14e-002 8.28e-001h  1
 592 5.7099152e+002 1.28e-005 4.94e-001  -9.0 5.77e-002    -  5.43e-001 3.11e-001h  1
 593 5.7098599e+002 5.04e-006 1.57e-001  -9.0 1.37e-002    -  9.28e-001 6.83e-001f  1
 594 5.7098353e+002 1.45e-006 6.68e-003  -9.0 3.58e-002    -  1.00e+000 9.70e-001f  1
 595 5.7098253e+002 4.48e-006 9.29e-003 -10.2 9.80e-002    -  7.44e-001 4.93e-001h  1
 596 5.7098218e+002 4.66e-006 2.50e-002 -11.0 2.68e-001    -  4.18e-001 7.69e-002h  1
 597 5.7098176e+002 6.07e-006 3.90e-002  -9.1 1.70e+000    -  6.10e-001 2.23e-002h  1
 598 5.7098133e+002 9.44e-006 3.58e-002 -11.0 1.58e+000    -  1.02e-001 4.63e-002h  2
 599 5.7098087e+002 1.03e-005 2.99e-002 -10.1 7.24e-001    -  1.79e-001 1.09e-001h  1
iter    objective    inf_pr   inf_du lg(mu)  ||d||  lg(rg) alpha_du alpha_pr  ls
 600 5.7098016e+002 1.47e-005 2.24e-001  -9.2 1.72e+000    -  3.21e-001 7.87e-002h  1
 601 5.7097969e+002 1.66e-005 2.35e-001  -8.4 7.49e+000    -  1.61e-001 8.75e-003h  1
 602 5.7097851e+002 1.02e-004 2.29e-001  -9.1 2.71e+001    -  2.36e-002 1.76e-002h  2
 603 5.7097826e+002 1.27e-004 2.04e-001  -8.3 2.74e+001    -  1.57e-001 1.18e-002h  2
 604 5.7097726e+002 1.33e-004 1.92e-001  -8.9 1.04e+001    -  5.02e-002 2.92e-002h  2
 605 5.7097626e+002 2.26e-004 1.86e-001  -7.9 1.90e+001    -  3.91e-002 2.90e-002h  1
 606 5.7097565e+002 2.25e-004 1.63e-001  -9.6 3.16e+000    -  4.73e-002 4.31e-003h  1
 607 5.7098591e+002 4.26e-004 9.92e-002  -8.4 4.36e-001    -  3.88e-001 3.79e-001h  1
 608 5.7097711e+002 2.81e-004 4.49e-002  -8.7 1.10e-001    -  5.68e-001 4.57e-001h  1
 609 5.7097265e+002 2.32e-004 2.86e-002 -11.0 6.06e-001    -  1.21e-001 1.81e-001h  1
iter    objective    inf_pr   inf_du lg(mu)  ||d||  lg(rg) alpha_du alpha_pr  ls
 610 5.7097188e+002 2.21e-004 2.72e-002 -11.0 9.60e-002    -  1.99e-001 4.75e-002h  1
 611 5.7097108e+002 2.03e-005 6.15e-002  -8.5 7.01e-002    -  7.12e-001 1.00e+000h  1
 612 5.7097006e+002 5.03e-006 1.30e-002  -8.6 1.66e-002    -  1.00e+000 9.12e-001h  1
 613 5.7096615e+002 6.29e-006 2.46e-002  -9.3 2.10e-002    -  1.00e+000 6.39e-001h  1
 614 5.7097037e+002 3.27e-006 5.89e-003  -8.5 2.52e-002    -  8.71e-001 1.00e+000h  1
 615 5.7096999e+002 2.53e-006 1.04e-002  -8.6 5.58e-002    -  7.35e-001 6.00e-001h  1
 616 5.7096662e+002 9.83e-007 2.54e-003  -8.6 1.83e-002    -  1.00e+000 1.00e+000f  1
 617 5.7096353e+002 1.28e-006 4.88e-003  -9.1 1.00e-002    -  1.00e+000 7.36e-001h  1
 618 5.7096325e+002 3.26e-006 1.07e-002  -8.9 5.34e-002    -  1.00e+000 3.39e-001h  2
 619 5.7096264e+002 7.55e-006 4.66e-002  -8.6 3.54e-001    -  4.16e-001 6.44e-002h  1
iter    objective    inf_pr   inf_du lg(mu)  ||d||  lg(rg) alpha_du alpha_pr  ls
 620 5.7096617e+002 1.74e-004 4.37e-002  -7.7 2.62e+000    -  2.55e-002 5.33e-002h  1
 621 5.7096607e+002 1.74e-004 4.38e-002  -8.7 2.03e+000    -  6.15e-002 1.06e-003h  1
 622 5.7096491e+002 1.77e-004 4.16e-002  -8.7 8.69e-001    -  2.25e-001 4.76e-002f  4
 623 5.7096390e+002 2.01e-004 4.56e-002  -8.7 1.35e+000    -  2.50e-002 4.67e-002h  2
 624 5.7096138e+002 3.60e-004 6.73e-002  -8.7 5.18e+000    -  4.12e-002 2.78e-002h  1
 625 5.7095986e+002 3.66e-004 6.94e-002 -11.0 3.53e+000    -  3.89e-002 1.21e-002h  2
 626 5.7095794e+002 3.65e-004 7.15e-002 -11.0 1.55e+000    -  7.45e-003 3.30e-002h  1
 627 5.7095630e+002 3.58e-004 5.87e-002 -10.3 9.30e-001    -  8.17e-003 3.43e-002h  1
 628 5.7095613e+002 3.54e-004 5.79e-002 -11.0 7.54e-002    -  2.60e-002 1.09e-002h  1
 629 5.7095601e+002 3.50e-004 5.70e-002 -11.0 6.68e-002    -  3.07e-003 1.29e-002h  1
iter    objective    inf_pr   inf_du lg(mu)  ||d||  lg(rg) alpha_du alpha_pr  ls
 630 5.7095606e+002 3.33e-004 4.37e-002  -9.7 3.54e-001    -  2.03e-001 1.34e-001h  1
 631 5.7095590e+002 3.30e-004 4.31e-002  -8.8 2.39e-001    -  1.41e-001 9.65e-003h  1
 632 5.7102046e+002 3.44e-004 1.27e+000  -7.9 6.09e-001    -  1.41e-001 4.78e-001H  1
 633 5.7100864e+002 3.12e-004 1.30e+000  -8.6 2.02e-001    -  1.00e+000 9.52e-002h  1
 634 5.7096450e+002 1.71e-004 5.56e-001  -8.6 3.05e-001    -  7.85e-002 5.75e-001f  1
 635 5.7095741e+002 9.99e-005 3.84e-001  -8.6 5.99e-002    -  1.00e+000 4.21e-001f  2
 636 5.7095674e+002 3.32e-006 1.47e-003  -8.3 2.72e-002    -  1.00e+000 1.00e+000h  1
 637 5.7095178e+002 1.74e-006 2.09e-002  -9.5 8.71e-003    -  1.00e+000 6.10e-001h  1
 638 5.7095619e+002 9.10e-007 1.78e-003  -8.4 9.27e-003    -  1.00e+000 1.00e+000h  1
 639 5.7095214e+002 1.88e-005 1.27e-002  -8.7 3.10e-002    -  1.00e+000 1.00e+000h  1
iter    objective    inf_pr   inf_du lg(mu)  ||d||  lg(rg) alpha_du alpha_pr  ls
 640 5.7095144e+002 1.64e-005 1.46e-002  -8.8 4.96e-002    -  5.43e-001 1.84e-001h  1
 641 5.7095110e+002 1.56e-005 4.29e-001  -9.2 4.35e-002    -  1.00e+000 5.05e-002f  1
 642 5.7094933e+002 1.02e-005 4.03e-002  -9.2 3.31e-002    -  1.10e-001 4.34e-001h  1
 643 5.7094849e+002 8.68e-006 6.18e-002 -11.0 1.85e-002    -  4.01e-001 1.76e-001h  1
 644 5.7094756e+002 8.22e-006 5.67e-002 -10.3 4.80e-002    -  4.43e-001 2.79e-001h  1
 645 5.7094727e+002 7.34e-006 4.04e-002  -9.1 4.70e-002    -  2.81e-001 1.88e-001h  1
 646 5.7094714e+002 9.85e-006 3.36e-002  -9.0 7.20e-002    -  2.15e-001 3.32e-001h  1
 647 5.7095129e+002 1.84e-005 3.84e-002  -8.3 1.02e-001    -  5.34e-001 3.42e-001h  2
 648 5.7095087e+002 1.68e-005 1.42e-002  -8.7 1.97e-002    -  1.00e+000 8.59e-002h  1
 649 5.7094990e+002 3.08e-007 3.52e-003  -8.7 1.21e-002    -  1.00e+000 1.00e+000f  1
iter    objective    inf_pr   inf_du lg(mu)  ||d||  lg(rg) alpha_du alpha_pr  ls
 650 5.7094795e+002 7.58e-006 6.94e-003  -8.7 3.37e-002    -  1.00e+000 9.42e-001h  1
 651 5.7094775e+002 1.25e-005 1.31e-002  -8.8 1.64e-001    -  6.97e-001 1.78e-001h  2
 652 5.7094758e+002 1.24e-005 4.35e-002  -8.8 1.54e-001    -  5.82e-001 6.84e-002h  3
 653 5.7094706e+002 2.13e-005 4.72e-002  -8.8 1.28e-001    -  6.61e-001 3.17e-001h  2
 654 5.7094667e+002 2.99e-005 3.90e-002  -8.8 6.48e-001    -  1.09e-001 4.59e-002h  1
 655 5.7094630e+002 3.31e-005 2.71e-001  -9.2 4.84e-001    -  3.33e-001 4.37e-002h  3
 656 5.7094725e+002 3.15e-005 1.87e-001  -9.0 1.49e-001    -  4.28e-001 1.85e-001h  3
 657 5.7094574e+002 3.49e-006 3.16e-002  -9.0 2.40e-002    -  7.90e-001 1.00e+000h  1
 658 5.7094355e+002 2.96e-006 1.73e-001  -9.1 2.94e-002    -  7.30e-001 3.80e-001h  1
 659 5.7094265e+002 2.00e-006 6.53e-002  -9.4 2.55e-002    -  7.38e-001 6.10e-001h  1
iter    objective    inf_pr   inf_du lg(mu)  ||d||  lg(rg) alpha_du alpha_pr  ls
 660 5.7094459e+002 3.25e-006 1.93e-003  -8.7 1.67e-002    -  1.00e+000 1.00e+000h  1
 661 5.7094434e+002 3.63e-006 2.66e-002  -8.8 8.70e-002    -  4.16e-001 7.04e-002h  3
 662 5.7094340e+002 1.46e-005 8.58e-002  -8.8 8.69e-002    -  1.00e+000 4.24e-001h  1
 663 5.7094209e+002 7.32e-005 7.85e-002  -8.8 1.10e+000    -  9.30e-002 6.73e-002f  2
 664 5.7094199e+002 1.28e-004 3.56e-002  -8.4 2.14e+000    -  2.37e-001 3.19e-002h  2
 665 5.7094194e+002 1.46e-004 6.50e-002  -9.1 7.92e-001    -  2.89e-001 5.40e-002h  3
 666 5.7094122e+002 1.55e-004 6.96e-002  -8.9 5.44e-001    -  2.17e-001 7.13e-002h  3
 667 5.7094516e+002 1.84e-004 1.14e-001  -8.1 4.63e-001    -  4.22e-001 1.40e-001h  2
 668 5.7094344e+002 1.87e-004 1.01e-001  -8.4 7.32e-001    -  1.44e-001 1.14e-001h  1
 669 5.7094243e+002 1.86e-004 1.04e-001  -8.4 1.44e+000    -  1.28e-001 3.57e-002f  2
iter    objective    inf_pr   inf_du lg(mu)  ||d||  lg(rg) alpha_du alpha_pr  ls
 670 5.7094217e+002 1.56e-004 2.01e-001  -8.4 1.48e-001    -  6.00e-001 1.71e-001h  1
 671 5.7094118e+002 8.29e-005 1.04e-001  -8.4 1.29e-001    -  4.58e-001 5.00e-001f  2
 672 5.7093680e+002 4.04e-005 6.59e-002  -9.1 4.59e-002    -  4.26e-001 5.33e-001h  1
 673 5.7094004e+002 8.96e-006 2.70e-002  -8.7 6.56e-002    -  1.00e+000 9.79e-001h  1
 674 5.7093841e+002 2.01e-005 9.66e-002  -8.4 4.16e-002    -  9.86e-001 6.26e-001h  1
 675 5.7093980e+002 2.96e-005 1.25e-001  -8.1 4.87e-001    -  3.06e-001 9.56e-002h  2
 676 5.7094310e+002 2.11e-005 1.06e-001  -8.4 1.85e-001    -  1.00e+000 4.18e-001H  1
 677 5.7094055e+002 1.16e-005 3.82e-002  -8.4 1.39e-001    -  3.91e-001 5.00e-001f  2
 678 5.7093524e+002 1.09e-005 5.13e-003  -8.5 1.13e-001    -  1.00e+000 9.74e-001h  1
 679 5.7093853e+002 4.07e-006 5.75e-003  -8.3 2.97e-002    -  1.00e+000 1.00e+000h  1
iter    objective    inf_pr   inf_du lg(mu)  ||d||  lg(rg) alpha_du alpha_pr  ls
 680 5.7093659e+002 3.05e-005 2.11e-002  -8.5 2.52e-001    -  8.53e-001 3.63e-001h  2
 681 5.7093614e+002 3.26e-005 1.67e-002  -8.6 1.00e+000    -  3.48e-001 2.73e-002h  3
 682 5.7093511e+002 3.36e-005 1.66e-002  -8.6 1.98e-001    -  6.38e-001 1.57e-001h  2
 683 5.7093474e+002 4.28e-005 2.59e-002  -7.8 9.06e-001    -  1.59e-001 5.80e-002h  1
 684 5.7103469e+002 9.71e-004 1.06e-001  -6.8 4.00e+000    -  3.46e-002 1.11e-001h  1
 685 5.7103393e+002 9.69e-004 1.07e-001  -8.1 2.85e+000    -  2.98e-002 2.05e-003h  1
 686 5.7102384e+002 1.02e-003 1.30e-001  -8.1 3.70e+000    -  9.18e-002 3.29e-002f  1
 687 5.7100734e+002 1.27e-003 1.71e-001  -8.1 6.13e+000    -  2.00e-002 3.00e-002f  1
 688 5.7099699e+002 1.33e-003 1.88e-001  -8.1 7.76e+000    -  2.59e-002 1.25e-002h  1
 689 5.7099483e+002 1.49e-003 1.76e-001  -8.1 1.90e+000    -  6.65e-002 6.20e-002f  2
iter    objective    inf_pr   inf_du lg(mu)  ||d||  lg(rg) alpha_du alpha_pr  ls
 690 5.7098353e+002 1.47e-003 1.36e-001  -8.1 1.29e+000    -  1.67e-002 8.18e-002h  2
 691 5.7097241e+002 1.79e-003 4.33e-002  -8.1 1.29e+000    -  6.30e-002 2.35e-001h  1
 692 5.7096892e+002 1.79e-003 9.11e-002  -8.1 8.15e+000    -  2.56e-002 8.62e-003f  3
 693 5.7095256e+002 1.14e-003 1.43e-001  -8.1 4.71e-001    -  1.69e-001 4.14e-001h  1
 694 5.7094474e+002 1.07e-003 1.28e-001  -8.1 8.43e-001    -  5.29e-002 6.52e-002f  3
 695 5.7093855e+002 5.58e-004 3.73e-002  -8.1 3.35e-001    -  3.62e-001 5.89e-001h  1
 696 5.7093473e+002 4.70e-004 2.89e-002  -8.1 2.65e-001    -  4.33e-001 2.98e-001f  1
 697 5.7093040e+002 4.59e-004 3.74e-002  -8.1 5.23e-001    -  3.60e-001 6.24e-002f  3
 698 5.7106873e+002 3.47e-004 5.61e-002  -7.7 2.20e-001    -  3.45e-001 4.61e-001h  1
 699 5.7098479e+002 6.13e-004 2.96e-002  -8.0 2.39e-001    -  2.05e-001 9.70e-001h  1
iter    objective    inf_pr   inf_du lg(mu)  ||d||  lg(rg) alpha_du alpha_pr  ls
 700 5.7094575e+002 5.38e-004 4.69e-002  -8.0 3.01e-001    -  1.87e-001 1.53e-001f  2
 701 5.7096169e+002 1.91e-004 3.30e-002  -8.0 9.35e-002    -  6.44e-001 6.70e-001h  1
 702 5.7092789e+002 1.21e-004 7.51e-003  -8.0 8.63e-002    -  6.19e-001 5.32e-001f  1
 703 5.7092445e+002 1.14e-004 1.40e-002  -7.7 1.32e-001    -  6.13e-001 5.73e-002f  1
 704 5.7093082e+002 2.20e-005 1.17e-002  -8.0 3.00e-002    -  1.00e+000 1.00e+000h  1
 705 5.7101718e+002 3.47e-005 2.42e-002  -7.7 6.68e-002    -  9.50e-001 1.00e+000h  1
 706 5.7092976e+002 4.35e-005 4.26e-003  -7.8 6.14e-002    -  8.04e-001 1.00e+000h  1
 707 5.7093522e+002 4.30e-006 1.10e-002  -8.1 1.97e-002    -  1.00e+000 9.19e-001h  1
 708 5.7091130e+002 2.99e-006 2.27e-003  -8.3 1.41e-002    -  1.00e+000 1.00e+000h  1
 709 5.7090541e+002 1.68e-006 1.18e-002  -9.1 6.81e-003    -  1.00e+000 5.73e-001h  1
iter    objective    inf_pr   inf_du lg(mu)  ||d||  lg(rg) alpha_du alpha_pr  ls
 710 5.7090273e+002 1.75e-006 1.05e-001  -9.3 3.31e-002    -  1.00e+000 2.74e-001h  1
 711 5.7090138e+002 3.00e-006 9.14e-002  -9.5 1.12e-001    -  1.00e+000 1.42e-001h  1
 712 5.7090040e+002 8.34e-006 7.74e-002 -11.0 2.73e-001    -  3.38e-001 8.06e-002h  1
 713 5.7089978e+002 3.33e-005 6.01e-002  -9.1 7.35e-001    -  6.12e-001 6.38e-002h  1
 714 5.7089904e+002 5.33e-005 5.77e-002 -11.0 7.22e-001    -  3.44e-001 5.65e-002h  1
 715 5.7089826e+002 8.35e-005 5.72e-002 -11.0 1.60e+000    -  9.97e-002 3.01e-002h  2
 716 5.7089915e+002 1.56e-004 6.36e-002  -8.1 1.19e+000    -  2.46e-001 6.01e-002h  2
 717 5.7089907e+002 4.59e-004 9.32e-002  -8.8 3.03e+000    -  7.33e-002 4.71e-002h  1
 718 5.7089816e+002 5.27e-004 1.03e-001  -8.8 2.60e+000    -  7.21e-003 2.72e-002f  3
 719 5.7089801e+002 6.36e-004 1.12e-001  -8.8 2.50e+000    -  1.88e-001 3.56e-002h  2
iter    objective    inf_pr   inf_du lg(mu)  ||d||  lg(rg) alpha_du alpha_pr  ls
 720 5.7089767e+002 6.53e-004 1.15e-001  -8.8 1.44e+000    -  5.64e-002 2.89e-002h  3
 721 5.7090258e+002 5.87e-004 9.48e-002  -8.7 4.37e-001    -  2.26e-001 1.14e-001h  1
 722 5.7089975e+002 5.28e-004 7.52e-002  -8.8 2.98e-001    -  6.94e-002 1.16e-001h  1
 723 5.7089585e+002 5.62e-004 3.84e-002  -8.8 5.11e-001    -  2.59e-001 2.07e-001f  2
 724 5.7089552e+002 7.01e-004 5.14e-002  -7.6 4.12e+000    -  1.29e-001 2.75e-002h  1
 725 5.7089482e+002 6.99e-004 5.13e-002 -11.0 2.18e+000    -  6.79e-003 6.39e-003h  1
 726 5.7090516e+002 7.06e-004 4.75e-002  -7.8 7.59e-001    -  1.94e-001 1.20e-001h  3
 727 5.7094904e+002 1.17e-004 2.28e-002  -8.2 1.17e-001    -  4.34e-001 1.00e+000h  1
 728 5.7089886e+002 4.46e-004 1.78e-002  -8.2 2.21e-001    -  1.00e+000 9.29e-001h  1
 729 5.7089761e+002 4.25e-004 1.28e-002  -8.2 2.76e-001    -  1.85e-001 5.22e-002f  4
iter    objective    inf_pr   inf_du lg(mu)  ||d||  lg(rg) alpha_du alpha_pr  ls
 730 5.7089561e+002 3.10e-006 4.82e-003  -8.6 3.41e-002    -  9.40e-001 1.00e+000h  1
 731 5.7089214e+002 2.39e-006 2.08e-002  -9.3 2.38e-002    -  1.00e+000 3.17e-001h  1
 732 5.7088781e+002 2.54e-006 1.00e-002  -9.6 2.29e-002    -  1.00e+000 6.87e-001h  1
 733 5.7088675e+002 1.78e-006 1.61e-002  -9.7 1.54e-002    -  1.00e+000 4.01e-001h  1
 734 5.7088612e+002 6.02e-007 2.43e-003 -10.0 2.54e-003    -  1.00e+000 6.69e-001h  1
 735 5.7088591e+002 4.91e-007 7.97e-003 -10.9 1.03e-002    -  1.00e+000 2.53e-001h  1
 736 5.7088576e+002 6.29e-007 1.28e-001 -11.0 8.60e-002    -  9.14e-001 6.31e-002h  1
 737 5.7088555e+002 1.19e-006 1.68e-002 -10.8 1.07e-001    -  1.97e-002 9.94e-002h  1
 738 5.7088542e+002 1.44e-006 1.29e-001 -10.5 3.79e-001    -  7.33e-001 1.86e-002f  1
 739 5.7088498e+002 8.00e-006 1.21e-001 -10.6 7.61e-001    -  1.97e-002 4.67e-002h  1
iter    objective    inf_pr   inf_du lg(mu)  ||d||  lg(rg) alpha_du alpha_pr  ls
 740 5.7088472e+002 1.03e-005 7.76e-002 -10.1 7.49e-001    -  4.39e-001 2.94e-002f  1
 741 5.7088455e+002 1.34e-005 7.21e-002  -9.6 3.12e-001    -  2.23e-001 9.16e-002h  1
In iteration 741, 1 Slack too small, adjusting variable bound
 742 5.7088422e+002 1.55e-005 7.11e-002 -10.1 5.80e-001    -  7.70e-002 3.97e-002h  1
 743 5.7088401e+002 1.79e-005 6.29e-002 -11.0 7.51e-001    -  1.03e-001 3.26e-002h  2
 744 5.7088391e+002 2.78e-005 4.28e-002  -9.6 3.31e-001    -  3.28e-001 1.50e-001h  1
 745 5.7088372e+002 3.13e-005 4.08e-002  -9.9 7.98e-001    -  4.64e-002 3.67e-002h  1
 746 5.7088385e+002 4.47e-005 2.80e-002  -9.3 3.67e-001    -  3.64e-001 1.61e-001f  1
 747 5.7088379e+002 4.38e-005 3.02e-002  -9.6 2.69e-001    -  1.86e-001 1.00e-001h  1
 748 5.7088364e+002 3.10e-005 2.49e-002  -9.6 5.08e-002    -  3.79e-001 2.99e-001f  1
 749 5.7088408e+002 2.02e-005 1.66e-002  -9.1 5.45e-002    -  2.67e-001 5.00e-001f  2
iter    objective    inf_pr   inf_du lg(mu)  ||d||  lg(rg) alpha_du alpha_pr  ls
 750 5.7088391e+002 2.14e-005 6.52e-003  -9.5 6.09e-002    -  6.10e-001 1.00e+000h  1
 751 5.7089642e+002 7.50e-008 1.66e-003  -9.2 9.85e-002    -  1.00e+000 1.00e+000H  1
 752 5.7088492e+002 9.77e-005 2.23e-003  -8.9 1.28e-001    -  1.00e+000 1.00e+000h  1
 753 5.7089052e+002 3.52e-006 7.71e-003  -9.0 2.33e-002    -  1.00e+000 1.00e+000h  1
 754 5.7088430e+002 4.29e-006 1.75e-003  -9.0 3.02e-002    -  8.54e-001 1.00e+000h  1
 755 5.7088296e+002 1.05e-006 1.83e-003  -9.7 1.11e-002    -  1.00e+000 9.64e-001h  1
 756 5.7088244e+002 1.73e-007 5.42e-005 -10.5 1.85e-003    -  1.00e+000 8.66e-001h  1

Number of Iterations....: 756

                                   (scaled)                 (unscaled)
Objective...............:  2.2535028884160559e+000   5.7088244041500457e+002
Dual infeasibility......:  5.4154702524998946e-005   1.3719072159321815e-002
Constraint violation....:  5.2645841655758036e-009   1.7261930906897760e-007
Complementarity.........:  1.1434485096436603e-010   2.8967110671559669e-008
Overall NLP error.......:  5.4154702524998946e-005   1.3719072159321815e-002


Number of objective function evaluations             = 1218
Number of objective gradient evaluations             = 757
Number of equality constraint evaluations            = 1218
Number of inequality constraint evaluations          = 1218
Number of equality constraint Jacobian evaluations   = 757
Number of inequality constraint Jacobian evaluations = 757
Number of Lagrangian Hessian evaluations             = 0
Total CPU secs in IPOPT (w/o function evaluations)   =   2170.185
Total CPU secs in NLP function evaluations           =    600.007

EXIT: Optimal Solution Found.
      solver  :   t_proc      (avg)   t_wall      (avg)    n_eval
       nlp_f  |  24.58 s ( 20.18ms)  24.58 s ( 20.18ms)      1218
       nlp_g  |  29.06 s ( 23.86ms)  29.05 s ( 23.85ms)      1218
  nlp_grad_f  |  37.58 s ( 49.58ms)  37.58 s ( 49.57ms)       758
   nlp_jac_g  | 507.87 s (670.01ms) 507.88 s (670.03ms)       758
       total  |   2.77ks (  2.77ks)   2.77ks (  2.77ks)         1
