This is Ipopt version 3.12.3, running with linear solver mumps.
NOTE: Other linear solvers might be more efficient (see Ipopt documentation).

Number of nonzeros in equality constraint Jacobian...:   711662
Number of nonzeros in inequality constraint Jacobian.:    65550
Number of nonzeros in Lagrangian Hessian.............:        0

Total number of variables............................:    75608
                     variables with only lower bounds:        0
                variables with lower and upper bounds:    75608
                     variables with only upper bounds:        0
Total number of equality constraints.................:    70608
Total number of inequality constraints...............:    28350
        inequality constraints with only lower bounds:    13800
   inequality constraints with lower and upper bounds:      750
        inequality constraints with only upper bounds:    13800

iter    objective    inf_pr   inf_du lg(mu)  ||d||  lg(rg) alpha_du alpha_pr  ls
   0 8.9111957e+003 5.17e+003 1.00e+002   0.0 0.00e+000    -  0.00e+000 0.00e+000   0
   1 8.5640862e+003 4.94e+003 3.42e+003   1.0 1.56e+002    -  9.12e-003 4.44e-002f  1
   2 8.3298720e+003 4.86e+003 3.65e+003  -5.3 7.39e+001    -  9.74e-002 1.71e-002h  1
   3 8.3532313e+003 4.79e+003 4.46e+003   0.9 2.44e+002    -  1.39e-001 1.46e-002f  1
   4 9.0971062e+003 4.53e+003 2.07e+004   1.3 3.05e+002    -  3.16e-001 6.09e-002f  1
   5 8.9367201e+003 4.22e+003 1.00e+005   1.3 1.18e+002    -  1.53e-001 6.76e-002f  1
   6 9.7454079e+003 3.94e+003 2.01e+005   1.8 2.09e+002    -  9.63e-001 6.57e-002f  1
   7 1.2514240e+004 3.38e+003 3.52e+006   2.5 1.59e+002    -  5.53e-001 1.43e-001f  1
   8 1.2700455e+004 3.20e+003 6.57e+006   3.0 1.07e+002    -  3.48e-001 5.31e-002f  1
   9 1.2925277e+004 3.00e+003 1.64e+007   3.4 1.13e+002    -  3.53e-001 6.35e-002f  1
iter    objective    inf_pr   inf_du lg(mu)  ||d||  lg(rg) alpha_du alpha_pr  ls
  10 1.3117760e+004 2.72e+003 6.41e+007   3.7 6.82e+001    -  3.30e-001 9.33e-002h  1
  11 1.2957383e+004 2.41e+003 1.98e+008   3.7 4.45e+001    -  8.83e-002 1.16e-001h  1
  12 1.2779455e+004 2.11e+003 4.36e+008   3.7 4.22e+001    -  2.29e-001 1.26e-001h  1
  13 1.2705837e+004 1.96e+003 5.83e+008   3.7 7.50e+001    -  1.40e-001 7.51e-002h  1
  14 1.2552078e+004 1.71e+003 9.98e+008   3.7 7.99e+001    -  2.18e-001 1.29e-001h  1
  15 1.2375494e+004 1.58e+003 1.19e+009   3.6 5.95e+001    -  9.73e-002 7.48e-002h  1
  16 1.2129000e+004 1.42e+003 1.54e+009   3.7 6.44e+001    -  7.75e-002 1.03e-001h  1
  17 1.1979158e+004 1.33e+003 1.72e+009   3.7 1.08e+002    -  8.78e-002 6.24e-002h  1
  18 1.1842038e+004 1.26e+003 1.87e+009   3.7 7.04e+001    -  8.24e-002 5.14e-002h  1
  19 1.1750953e+004 1.20e+003 2.03e+009   3.7 1.11e+002    -  4.73e-002 5.18e-002h  1
iter    objective    inf_pr   inf_du lg(mu)  ||d||  lg(rg) alpha_du alpha_pr  ls
  20 1.1657568e+004 1.09e+003 2.32e+009   3.4 1.06e+002    -  7.22e-002 8.83e-002h  1
  21 1.1581537e+004 1.01e+003 2.58e+009   3.7 1.03e+002    -  4.07e-002 7.53e-002h  1
  22 1.1575207e+004 8.40e+002 3.20e+009   3.7 1.02e+002    -  9.17e-002 1.59e-001h  1
  23 1.1577526e+004 8.04e+002 3.16e+009   3.7 8.63e+001    -  1.38e-001 4.24e-002h  1
  24 1.1656825e+004 7.04e+002 3.08e+009   3.7 1.08e+002    -  1.08e-001 1.14e-001h  1
  25 1.1812553e+004 6.24e+002 3.24e+009   3.1 2.18e+002    -  5.63e-002 1.11e-001h  1
  26 1.1887517e+004 5.73e+002 3.73e+009   3.3 2.35e+002    -  4.34e-002 7.68e-002h  1
  27 1.1932774e+004 5.55e+002 3.96e+009  -2.4 2.44e+002    -  4.92e-002 3.13e-002h  1
  28 1.1931151e+004 5.24e+002 4.21e+009   3.5 2.02e+002    -  8.73e-002 5.18e-002h  1
  29 1.1967893e+004 4.73e+002 4.58e+009   3.5 7.37e+001    -  8.93e-002 8.56e-002h  1
iter    objective    inf_pr   inf_du lg(mu)  ||d||  lg(rg) alpha_du alpha_pr  ls
  30 1.2073890e+004 3.73e+002 6.46e+009   3.7 1.25e+002    -  8.00e-002 1.33e-001f  1
  31 1.2245426e+004 3.21e+002 6.85e+009   2.4 7.01e+001    -  6.05e-002 1.33e-001h  1
  32 1.2200231e+004 2.92e+002 6.90e+009   3.5 7.90e+001    -  2.07e-001 8.36e-002f  1
  33 1.2065511e+004 2.26e+002 6.85e+009   3.7 1.28e+002    -  7.67e-002 1.69e-001f  1
  34 1.1976021e+004 2.08e+002 6.62e+009   3.3 4.32e+001    -  1.55e-001 7.47e-002f  1
  35 1.1691548e+004 1.69e+002 6.16e+009   3.6 6.23e+001    -  2.19e-001 1.47e-001f  1
  36 1.1413574e+004 1.38e+002 5.72e+009   3.7 1.27e+002    -  4.28e-002 1.17e-001f  1
  37 1.1193562e+004 1.12e+002 5.18e+009   3.5 9.16e+001    -  3.88e-002 1.28e-001f  1
  38 1.1020917e+004 8.79e+001 4.36e+009   3.4 4.60e+001    -  5.85e-002 1.74e-001f  1
  39 1.0967020e+004 7.91e+001 3.97e+009  -2.4 5.17e+001    -  8.32e-002 9.77e-002h  1
iter    objective    inf_pr   inf_du lg(mu)  ||d||  lg(rg) alpha_du alpha_pr  ls
  40 1.0615025e+004 4.50e+001 2.41e+009   3.2 4.02e+001    -  1.92e-001 4.03e-001f  1
  41 1.0489722e+004 4.32e+001 2.12e+009   3.5 1.64e+002    -  3.05e-002 1.13e-001f  1
  42 1.0490508e+004 4.22e+001 2.08e+009  -2.5 7.12e+001    -  1.05e-001 2.24e-002h  1
  43 1.0371518e+004 4.71e+001 1.24e+009   3.3 3.67e+001    -  1.89e-001 4.04e-001f  1
  44 1.0417252e+004 1.43e+001 5.65e+007   2.9 1.27e+001    -  3.85e-001 1.00e+000f  1
  45 1.0417835e+004 2.85e+000 1.89e+007   1.8 2.61e+000    -  6.05e-001 8.04e-001h  1
  46 1.0394821e+004 1.10e+000 5.94e+006   2.0 3.36e+000    -  8.42e-001 1.00e+000f  1
  47 1.0393711e+004 3.03e-003 1.31e+005   0.2 2.68e-001    -  9.74e-001 1.00e+000f  1
  48 1.0207747e+004 2.03e-003 2.84e+002  -5.1 2.26e-001    -  9.57e-001 1.00e+000f  1
  49 9.4958982e+003 1.46e-001 5.59e+001  -6.5 1.65e+000    -  8.02e-001 1.00e+000f  1
iter    objective    inf_pr   inf_du lg(mu)  ||d||  lg(rg) alpha_du alpha_pr  ls
  50 8.8197197e+003 1.19e+001 1.31e+002  -1.4 1.96e+001    -  9.99e-001 1.00e+000f  1
  51 8.4264789e+003 7.04e+000 3.94e+001  -7.4 8.37e+000    -  5.51e-001 1.00e+000f  1
  52 6.6192415e+003 1.16e+001 1.17e+002  -3.1 1.08e+001    -  5.49e-001 1.00e+000f  1
  53 7.6327472e+003 1.34e+002 1.42e+002  -1.6 1.67e+001    -  1.00e+000 7.13e-001f  1
  54 7.3885221e+003 3.14e+001 1.38e+002  -1.7 9.91e+000    -  7.79e-001 1.00e+000h  1
  55 7.4519229e+003 8.67e+000 7.45e+001  -1.7 5.61e+000    -  1.00e+000 1.00e+000h  1
  56 6.5390324e+003 8.31e+000 2.75e+001  -2.1 7.44e+000    -  1.00e+000 1.00e+000h  1
  57 6.7995351e+003 6.99e+000 2.94e+001  -2.2 8.61e+000    -  7.37e-001 1.00e+000H  1
  58 5.4297800e+003 6.83e+000 2.45e+001  -2.6 4.87e+000    -  9.99e-001 1.00e+000f  1
  59 4.9480199e+003 4.53e+000 1.31e+001  -3.1 3.58e+000    -  1.00e+000 1.00e+000f  1
iter    objective    inf_pr   inf_du lg(mu)  ||d||  lg(rg) alpha_du alpha_pr  ls
  60 4.1639865e+003 1.78e+001 1.99e+001  -2.9 1.20e+001    -  1.00e+000 8.17e-001f  1
  61 4.5104584e+003 4.60e+001 1.79e+001  -2.6 9.23e+000    -  7.90e-001 1.00e+000h  1
  62 3.8262936e+003 4.88e+000 7.05e+000  -3.0 6.36e+000    -  9.98e-001 1.00e+000h  1
  63 3.5101305e+003 5.72e+000 2.90e+000  -3.1 5.80e+000    -  1.00e+000 1.00e+000h  1
  64 3.1718170e+003 4.72e+000 5.49e+000  -3.3 4.37e+000    -  1.00e+000 1.00e+000h  1
  65 3.2204562e+003 9.85e+000 3.10e+000  -3.3 5.02e+000    -  1.00e+000 9.87e-001h  1
  66 3.3231355e+003 1.72e+001 1.47e+001  -3.0 9.42e+000    -  1.00e+000 1.00e+000f  1
  67 4.9710542e+003 7.16e+000 2.24e+001  -3.1 4.95e+000    -  1.00e+000 1.00e+000h  1
  68 3.0161819e+003 8.39e+000 5.59e+000  -3.1 6.82e+000    -  1.00e+000 1.00e+000f  1
  69 2.7718722e+003 4.02e+000 1.87e+000  -3.5 4.05e+000    -  1.00e+000 1.00e+000h  1
iter    objective    inf_pr   inf_du lg(mu)  ||d||  lg(rg) alpha_du alpha_pr  ls
  70 2.5963455e+003 8.95e+000 4.18e+000  -3.5 2.13e+001    -  1.00e+000 1.80e-001h  2
  71 2.6406386e+003 3.32e+000 9.95e+000  -3.2 8.14e+000    -  1.00e+000 1.00e+000H  1
  72 2.4607745e+003 1.17e+001 1.67e+001  -3.3 9.22e+000    -  7.29e-001 4.79e-001f  2
  73 3.0418903e+003 1.33e+001 1.25e+001  -3.4 5.29e+000    -  1.00e+000 9.94e-001h  1
  74 2.1715861e+003 7.56e+000 1.28e+001  -3.5 5.63e+000    -  1.88e-001 7.12e-001f  1
  75 1.9607902e+003 4.46e+000 2.84e+000  -3.8 3.69e+000    -  1.00e+000 1.00e+000h  1
  76 1.9146541e+003 4.87e+000 2.70e+000  -4.0 8.63e+000    -  7.99e-001 1.79e-001h  2
  77 1.7986013e+003 1.29e+001 8.56e+000  -4.0 8.23e+000    -  9.64e-001 7.08e-001h  1
  78 1.6422395e+003 2.24e+001 1.61e+001  -3.7 3.37e+001    -  3.00e-001 2.11e-001h  1
  79 1.6646080e+003 2.12e+001 1.78e+001  -3.5 2.65e+001    -  3.17e-001 1.29e-001h  3
iter    objective    inf_pr   inf_du lg(mu)  ||d||  lg(rg) alpha_du alpha_pr  ls
  80 1.5804218e+003 2.13e+000 2.62e+000  -3.8 5.46e+000    -  1.00e+000 1.00e+000h  1
  81 1.5061538e+003 3.66e+000 2.12e+000  -4.2 7.20e+000    -  9.65e-001 4.04e-001h  1
  82 1.4773214e+003 3.78e+000 2.11e+000  -3.9 1.34e+001    -  9.97e-001 2.04e-001h  3
  83 1.3918528e+003 1.80e+001 4.00e+000  -4.0 1.41e+001    -  9.86e-001 7.20e-001h  1
  84 1.3366662e+003 2.09e+001 5.62e+000  -4.2 4.02e+001    -  3.46e-001 1.05e-001h  2
  85 1.6953321e+003 2.46e+001 5.51e+000  -4.1 1.57e+001    -  5.07e-001 5.30e-001h  1
  86 1.2752338e+003 1.90e+000 2.80e+000  -4.2 2.32e+000    -  6.14e-001 9.29e-001h  1
  87 1.2310213e+003 1.63e+000 2.20e+000  -4.8 4.38e+000    -  5.18e-001 2.30e-001h  1
  88 1.2055956e+003 1.73e+000 1.83e+000  -5.6 1.33e+001    -  3.95e-001 9.63e-002h  1
  89 1.1613815e+003 2.55e+000 1.95e+000  -4.5 2.52e+001    -  5.98e-001 1.06e-001h  1
iter    objective    inf_pr   inf_du lg(mu)  ||d||  lg(rg) alpha_du alpha_pr  ls
  90 1.1190575e+003 1.22e+001 3.55e+000  -4.8 2.33e+001    -  2.39e-001 2.41e-001h  1
  91 1.2597715e+003 1.10e+001 4.54e+000  -4.2 1.43e+001    -  4.78e-001 5.44e-001h  1
  92 1.0821075e+003 6.50e-001 2.15e+000  -4.5 2.32e+000    -  3.12e-001 1.00e+000h  1
  93 1.0726417e+003 1.04e+000 9.66e-001  -4.1 1.78e+000    -  9.14e-001 1.00e+000h  1
  94 1.0932239e+003 7.90e-001 1.32e+000  -4.2 3.24e+000    -  9.92e-001 1.00e+000h  1
  95 1.0379709e+003 1.27e+000 1.59e+000  -4.3 1.87e+000    -  1.00e+000 1.00e+000h  1
  96 1.1155109e+003 1.84e-001 1.99e+000  -4.3 6.18e+000    -  1.00e+000 8.92e-001H  1
  97 1.0176096e+003 1.59e-001 1.23e+000  -4.3 1.73e+000    -  9.96e-001 1.00e+000f  1
  98 1.0006420e+003 2.29e-001 1.95e+000  -4.5 1.43e+000    -  1.00e+000 1.00e+000h  1
  99 9.8665005e+002 4.08e-001 2.45e+000  -4.6 2.44e+000    -  1.00e+000 4.31e-001h  1
iter    objective    inf_pr   inf_du lg(mu)  ||d||  lg(rg) alpha_du alpha_pr  ls
 100 1.0140600e+003 7.25e-001 2.71e+000  -3.9 1.50e+001    -  9.17e-002 1.52e-001h  3
 101 9.7033361e+002 2.75e+000 4.72e+000  -4.5 1.27e+001    -  3.01e-001 2.93e-001h  1
 102 9.5645548e+002 3.01e+000 6.48e+000  -4.5 8.11e+001    -  9.74e-002 2.49e-002h  3
 103 9.2863345e+002 3.94e+000 6.35e+000  -4.7 1.61e+001    -  2.98e-001 2.05e-001h  1
 104 9.1654456e+002 4.12e+000 7.18e+000  -4.5 3.34e+001    -  2.03e-001 5.41e-002h  3
 105 8.9946934e+002 4.81e+000 7.84e+000  -4.5 2.06e+001    -  3.18e-001 1.49e-001h  2
 106 8.8885174e+002 4.63e+000 7.74e+000  -4.5 1.60e+001    -  4.12e-001 9.77e-002h  3
 107 8.7409493e+002 8.24e+000 7.27e+000  -4.3 1.66e+001    -  4.16e-001 4.42e-001h  1
 108 8.6922371e+002 7.82e+000 7.12e+000  -4.0 2.25e+001    -  1.48e-001 7.50e-002h  1
 109 9.4472766e+002 7.91e+000 3.01e+000  -4.1 8.88e+000    -  4.63e-001 5.99e-001h  1
iter    objective    inf_pr   inf_du lg(mu)  ||d||  lg(rg) alpha_du alpha_pr  ls
 110 1.0071125e+003 2.11e+000 3.23e+000  -4.3 1.09e+001    -  7.15e-001 1.00e+000h  1
 111 8.9145582e+002 2.29e+000 4.59e-001  -4.3 7.05e+000    -  6.84e-001 8.84e-001h  1
 112 1.0174377e+003 1.07e+000 1.13e+000  -4.0 8.14e+000    -  1.00e+000 1.00e+000H  1
 113 9.0018904e+002 2.34e-001 6.42e-001  -4.1 3.83e+000    -  1.00e+000 1.00e+000f  1
 114 8.6999356e+002 5.78e-001 4.11e-001  -4.4 2.33e+000    -  1.00e+000 1.00e+000h  1
 115 8.4725424e+002 7.57e-001 1.56e+000  -4.5 3.94e+000    -  1.00e+000 8.43e-001H  1
 116 8.5777679e+002 1.04e+000 1.66e+000  -4.3 5.36e+000    -  9.75e-001 5.45e-001h  1
 117 8.7126350e+002 1.72e-001 1.30e+000  -4.4 5.25e+000    -  7.88e-001 9.83e-001h  1
 118 8.3469918e+002 1.71e-001 2.80e-001  -4.4 2.33e+000    -  6.36e-001 1.00e+000f  1
 119 8.1903462e+002 5.78e-001 3.64e-001  -4.6 1.96e+000    -  1.00e+000 6.46e-001h  1
iter    objective    inf_pr   inf_du lg(mu)  ||d||  lg(rg) alpha_du alpha_pr  ls
 120 8.0279357e+002 2.68e+000 1.42e+000  -4.7 5.38e+000    -  1.00e+000 3.96e-001h  2
 121 8.0492519e+002 6.01e-001 1.50e+000  -4.9 7.01e-001  -4.0 1.00e+000 9.68e-001h  1
 122 7.9940819e+002 1.04e-001 7.53e-001  -4.6 1.98e+000    -  1.00e+000 1.00e+000h  1
 123 7.7466114e+002 5.31e-001 4.63e-001  -5.0 1.91e+000    -  1.00e+000 5.94e-001h  1
 124 7.6988826e+002 5.61e-001 1.00e+000  -4.7 5.82e+000    -  9.88e-001 1.72e-001h  3
 125 7.4772849e+002 3.55e+000 1.51e+000  -4.9 4.82e+000    -  1.00e+000 6.51e-001h  1
 126 7.4474400e+002 3.46e+000 1.78e+000  -4.5 1.67e+001    -  3.60e-001 7.90e-002h  3
 127 7.6223562e+002 2.19e+000 1.63e+000  -4.7 8.02e+000    -  7.91e-001 1.00e+000h  1
 128 7.3902742e+002 2.82e+000 2.21e+000  -5.2 1.55e+001    -  5.76e-001 3.90e-001h  1
 129 7.3822000e+002 1.64e+000 1.84e+000  -4.7 7.17e+000    -  6.45e-001 4.28e-001h  1
iter    objective    inf_pr   inf_du lg(mu)  ||d||  lg(rg) alpha_du alpha_pr  ls
 130 7.1262640e+002 1.03e+000 5.68e-001  -4.7 6.57e+000    -  9.44e-001 1.00e+000h  1
 131 7.1046825e+002 2.33e-001 3.24e-001  -4.8 3.39e+000    -  1.00e+000 9.85e-001h  1
 132 6.9636143e+002 1.13e+000 6.37e-001  -5.1 2.85e+000    -  1.00e+000 9.09e-001h  1
 133 6.8993939e+002 1.92e+000 1.25e+000  -4.6 1.59e+001    -  5.83e-001 1.45e-001h  1
 134 7.4017855e+002 4.37e-001 1.08e+000  -5.2 3.86e+000  -4.5 9.57e-001 9.14e-001h  1
 135 7.0566855e+002 3.06e-001 8.91e-001  -5.2 9.06e-001    -  8.86e-001 3.16e-001h  1
 136 6.7395333e+002 1.88e-001 3.13e-001  -4.9 1.84e+000    -  1.00e+000 7.30e-001f  1
 137 6.6780935e+002 2.37e-001 3.75e-001  -5.1 2.16e+000    -  1.00e+000 3.58e-001h  1
 138 6.6057853e+002 7.82e-001 1.40e+000  -4.9 4.48e+000    -  1.00e+000 4.39e-001h  1
 139 6.5591030e+002 2.56e+000 2.03e+000  -4.9 3.83e+001    -  3.46e-001 1.44e-001h  1
iter    objective    inf_pr   inf_du lg(mu)  ||d||  lg(rg) alpha_du alpha_pr  ls
 140 6.5249397e+002 2.48e+000 2.24e+000  -5.0 1.71e+001    -  6.51e-001 7.40e-002h  3
 141 6.6715032e+002 7.66e-001 2.00e+000  -4.9 1.43e+001    -  4.59e-001 8.29e-001H  1
 142 6.6512792e+002 7.55e-001 2.00e+000  -5.0 1.99e+001    -  5.05e-001 1.56e-002h  1
 143 6.4882308e+002 6.83e-001 1.93e+000  -5.0 8.77e+000    -  6.30e-002 1.91e-001h  1
 144 6.2783500e+002 1.12e+000 2.11e+000  -7.1 3.76e+001    -  4.97e-002 1.51e-001h  1
 145 6.2022341e+002 1.04e+000 1.94e+000  -5.0 1.51e+001    -  2.16e-001 1.40e-001h  1
 146 6.1152276e+002 9.60e-001 1.66e+000  -5.0 7.34e+000    -  3.18e-001 3.10e-001h  1
 147 6.0731827e+002 9.48e-001 1.70e+000  -5.0 2.70e+001    -  2.83e-001 9.01e-002h  1
 148 6.0400943e+002 9.47e-001 1.67e+000  -5.1 8.82e+000    -  8.56e-001 2.02e-001h  2
 149 6.0055826e+002 1.23e+000 1.88e+000  -5.6 1.25e+001    -  1.88e-001 1.98e-001h  2
iter    objective    inf_pr   inf_du lg(mu)  ||d||  lg(rg) alpha_du alpha_pr  ls
 150 5.9067721e+002 2.67e+000 2.64e+000  -5.2 2.21e+001    -  4.32e-001 1.82e-001h  1
 151 5.8969734e+002 2.74e+000 2.90e+000  -4.7 7.69e+001    -  1.84e-001 4.97e-002h  2
 152 5.9337812e+002 2.04e+000 2.61e+000  -4.7 1.01e+001    -  2.98e-001 3.78e-001h  1
 153 5.8536933e+002 2.12e+000 2.73e+000  -5.3 8.50e+000    -  2.42e-001 2.26e-001h  1
 154 6.5543009e+002 1.65e+001 1.84e+000  -4.0 7.05e+001    -  2.48e-002 1.77e-001f  1
 155 6.5129014e+002 1.62e+001 1.98e+000  -4.9 1.16e+002    -  8.13e-002 4.09e-002h  1
 156 6.2040368e+002 1.52e+001 1.85e+000  -4.9 2.10e+001    -  5.00e-001 2.24e-001h  1
 157 6.1827034e+002 1.49e+001 1.69e+000  -4.9 1.04e+002    -  4.58e-002 3.69e-002h  3
 158 5.8971835e+002 1.10e+001 1.22e+000  -4.9 1.00e+001    -  1.77e-001 3.83e-001h  1
 159 7.3203464e+002 1.04e+001 2.08e+000  -4.9 5.41e+001    -  5.71e-002 1.54e-001h  1
iter    objective    inf_pr   inf_du lg(mu)  ||d||  lg(rg) alpha_du alpha_pr  ls
 160 6.1477413e+002 5.43e+000 1.32e+000  -4.9 6.13e+000    -  1.00e+000 4.80e-001h  1
 161 5.7184421e+002 1.86e+000 5.99e-001  -4.9 5.86e+000    -  5.37e-001 6.74e-001h  1
 162 5.7389454e+002 1.97e-001 2.86e-001  -4.9 1.37e+000    -  1.00e+000 1.00e+000h  1
 163 5.5908041e+002 2.22e-001 3.77e-001  -5.3 1.38e+000    -  1.00e+000 9.27e-001h  1
 164 5.7435516e+002 9.97e-002 3.19e-001  -5.0 2.91e+000    -  7.21e-001 5.68e-001h  1
 165 5.5675711e+002 3.62e-002 1.39e-001  -5.4 1.12e+000    -  1.00e+000 7.87e-001h  1
 166 5.5321516e+002 3.17e-002 2.71e-001  -5.6 4.52e-001    -  1.00e+000 8.20e-001h  1
 167 5.5116077e+002 6.09e-002 9.99e-001  -5.3 4.56e+000    -  1.00e+000 3.43e-001h  2
 168 5.4637916e+002 3.73e-001 5.47e-001  -5.5 7.97e+000    -  8.56e-001 3.82e-001h  1
 169 5.4112641e+002 7.69e-001 9.69e-001  -5.5 8.62e+000    -  3.94e-001 2.91e-001h  1
iter    objective    inf_pr   inf_du lg(mu)  ||d||  lg(rg) alpha_du alpha_pr  ls
 170 5.4061549e+002 7.63e-001 9.84e-001  -5.5 2.24e+001    -  3.24e-001 9.60e-003h  1
 171 5.3828776e+002 9.28e-001 1.34e+000  -5.5 1.86e+001    -  7.05e-001 1.71e-001h  2
 172 5.3353312e+002 1.36e+000 1.19e+000  -5.5 1.73e+001    -  4.79e-001 3.08e-001h  1
 173 5.2975580e+002 1.51e+000 1.37e+000  -6.0 1.75e+001    -  1.99e-001 6.98e-002h  1
 174 5.2692679e+002 1.79e+000 1.52e+000  -5.5 1.82e+001    -  3.38e-001 1.57e-001h  2
 175 5.2560303e+002 2.40e+000 1.74e+000  -5.3 8.25e+000    -  7.37e-001 2.76e-001h  1
 176 5.2749484e+002 2.09e+000 1.59e+000  -5.1 2.98e+001    -  3.73e-001 2.66e-001h  2
 177 5.2371920e+002 1.74e+000 1.44e+000  -5.3 6.26e+000    -  9.15e-001 4.58e-001h  1
 178 5.3447660e+002 6.62e-001 5.19e-001  -4.9 9.38e+000    -  2.59e-001 7.76e-001f  1
 179 5.3756311e+002 2.31e-001 5.01e-001  -5.2 9.63e+000    -  7.93e-001 6.56e-001h  1
iter    objective    inf_pr   inf_du lg(mu)  ||d||  lg(rg) alpha_du alpha_pr  ls
 180 5.2513274e+002 5.11e-002 6.46e-001  -4.8 5.68e+000    -  8.11e-001 1.00e+000h  1
 181 5.2547535e+002 3.90e-002 1.50e-001  -4.9 2.08e+000    -  7.49e-001 1.00e+000h  1
 182 5.2266129e+002 2.80e-001 2.13e-001  -5.2 3.18e+000    -  1.00e+000 1.00e+000h  1
 183 5.2134407e+002 2.89e-001 2.97e-001  -5.2 5.12e+000    -  1.00e+000 1.73e-001h  3
 184 5.2017856e+002 1.95e-001 3.70e-001  -5.3 5.73e+000    -  1.00e+000 6.49e-001H  1
 185 5.2489904e+002 4.71e-002 4.13e-001  -5.0 3.99e+000    -  1.00e+000 1.00e+000H  1
 186 5.1740965e+002 2.19e-002 2.71e-001  -5.5 3.15e+000    -  1.00e+000 5.99e-001h  1
 187 5.1362975e+002 6.45e-002 1.14e+000  -5.7 5.37e+000    -  1.00e+000 4.23e-001h  1
 188 5.1076444e+002 2.66e-001 2.75e-001  -5.7 1.93e+000    -  1.00e+000 5.81e-001h  1
 189 5.0846598e+002 1.60e+000 6.56e-001  -5.4 7.74e+000    -  5.24e-001 2.84e-001h  1
iter    objective    inf_pr   inf_du lg(mu)  ||d||  lg(rg) alpha_du alpha_pr  ls
 190 5.0681453e+002 1.64e+000 7.69e-001  -5.5 2.31e+001    -  2.55e-001 7.62e-002h  1
 191 5.1873070e+002 1.66e+000 9.15e-001  -5.2 1.38e+001    -  2.81e-001 4.65e-001H  1
 192 5.0949864e+002 6.39e-003 4.99e-001  -5.5 2.07e+000    -  1.00e+000 1.00e+000h  1
 193 5.0179535e+002 3.01e-003 2.03e-001  -5.5 1.55e+000    -  7.88e-001 7.07e-001h  1
 194 4.9998371e+002 3.22e-002 1.51e-001  -5.8 1.10e+000    -  1.00e+000 4.78e-001h  1
 195 4.9920011e+002 3.12e-001 2.34e-001  -5.4 6.21e+000    -  4.84e-001 2.44e-001h  1
 196 4.9751654e+002 1.36e+000 6.39e-001  -5.7 7.71e+000    -  4.41e-001 3.79e-001h  1
 197 4.9584510e+002 1.47e+000 6.66e-001  -7.7 2.49e+001    -  2.20e-001 4.66e-002h  1
 198 4.9316313e+002 2.22e+000 7.00e-001  -5.7 2.62e+001    -  2.43e-001 9.09e-002h  2
 199 4.9155353e+002 2.35e+000 7.88e-001  -5.8 1.43e+001    -  3.91e-001 9.26e-002h  3
iter    objective    inf_pr   inf_du lg(mu)  ||d||  lg(rg) alpha_du alpha_pr  ls
 200 4.9701280e+002 2.45e+000 7.86e-001  -5.7 9.51e+000    -  5.11e-001 5.67e-001H  1
 201 4.9265682e+002 2.56e+000 8.92e-001  -5.8 7.57e+000    -  2.67e-001 9.01e-002h  1
 202 4.8678937e+002 3.63e+000 1.13e+000  -5.5 3.11e+001    -  1.91e-001 9.64e-002h  1
 203 4.8375991e+002 3.31e+000 1.07e+000  -5.3 1.89e+001    -  3.09e-001 1.95e-001h  1
 204 4.9025101e+002 1.20e+000 4.19e-001  -5.6 2.57e+000    -  7.39e-001 7.33e-001h  1
 205 4.8445447e+002 8.73e-001 3.05e-001 -11.0 1.96e+000    -  6.31e-001 2.71e-001h  1
 206 4.8062815e+002 6.21e-001 4.38e-001  -6.9 1.55e+000    -  9.34e-001 2.92e-001h  1
 207 4.7823748e+002 4.43e-001 6.19e-001  -6.7 1.27e+000    -  9.76e-001 3.00e-001h  1
 208 4.7628222e+002 3.08e-001 1.93e-001  -6.5 1.26e+000    -  1.00e+000 3.70e-001h  1
 209 4.7533142e+002 2.25e-001 3.01e-001  -5.7 1.70e+000    -  2.67e-001 4.80e-001h  1
iter    objective    inf_pr   inf_du lg(mu)  ||d||  lg(rg) alpha_du alpha_pr  ls
 210 4.7751198e+002 1.35e-001 1.41e-001  -5.7 1.19e+000    -  1.00e+000 1.00e+000h  1
 211 4.7431870e+002 2.05e-003 1.21e-001  -5.9 2.41e-001    -  1.00e+000 1.00e+000h  1
 212 4.7388757e+002 2.97e-003 4.82e-001  -6.7 1.29e-001    -  1.00e+000 4.78e-001h  1
 213 4.7367558e+002 1.46e-001 1.48e-001  -5.8 9.01e-001    -  8.52e-001 6.02e-001h  1
 214 4.7236517e+002 5.74e-001 3.46e-001  -6.2 5.54e+000    -  2.33e-001 1.62e-001h  1
 215 4.7189197e+002 5.94e-001 4.03e-001  -5.7 1.03e+001    -  2.48e-001 2.62e-002h  3
 216 4.7159447e+002 5.54e-001 3.67e-001  -5.9 1.28e+000    -  1.00e+000 6.70e-001h  1
 217 4.7121397e+002 5.47e-001 4.02e-001  -5.9 4.19e+000    -  6.13e-001 4.46e-002h  1
 218 4.7054804e+002 1.01e+000 5.46e-001  -5.7 8.03e+000    -  4.10e-001 2.70e-001h  2
 219 4.6968076e+002 1.18e+000 7.11e-001  -6.0 5.94e+000    -  4.25e-001 1.23e-001h  2
iter    objective    inf_pr   inf_du lg(mu)  ||d||  lg(rg) alpha_du alpha_pr  ls
 220 4.6928895e+002 1.26e+000 8.01e-001  -5.6 3.33e+000    -  6.65e-001 2.95e-001h  1
 221 4.8006808e+002 7.64e-001 4.95e-001  -6.0 6.19e+000    -  5.44e-001 6.01e-001h  1
 222 4.6736044e+002 1.84e-001 3.12e-001  -5.9 1.10e+000    -  1.19e-001 8.87e-001h  1
 223 4.6656735e+002 9.07e-002 1.08e-001  -6.4 9.65e-001    -  9.64e-001 5.07e-001h  1
 224 4.6611650e+002 1.28e-002 2.36e-002  -6.0 5.02e-001    -  1.00e+000 1.00e+000h  1
 225 4.6575523e+002 4.74e-002 1.38e-001  -6.1 1.13e+000    -  1.00e+000 2.50e-001h  1
 226 4.6543020e+002 7.72e-001 4.09e-001  -5.8 6.68e+000    -  3.20e-001 2.00e-001h  1
 227 4.6684221e+002 4.76e-003 6.40e-001  -6.1 6.55e-001  -4.5 1.00e+000 1.00e+000H  1
 228 4.6477739e+002 1.74e-001 7.19e-001  -6.2 2.68e+000    -  3.71e-001 2.22e-001h  1
 229 4.6345723e+002 4.83e-001 7.23e-001  -6.1 4.34e+000    -  3.96e-001 2.11e-001f  1
iter    objective    inf_pr   inf_du lg(mu)  ||d||  lg(rg) alpha_du alpha_pr  ls
 230 4.6338397e+002 7.05e-001 6.17e-001  -5.6 3.04e+000    -  2.37e-001 3.48e-001h  1
 231 4.6357379e+002 5.32e-001 4.88e-001  -5.7 1.25e+000    -  3.57e-001 3.42e-001h  1
 232 4.6227601e+002 8.42e-003 1.02e-001  -5.9 5.23e-001    -  9.72e-001 1.00e+000h  1
 233 4.6093161e+002 1.71e-002 6.22e-002  -6.1 3.40e-001    -  1.00e+000 8.68e-001h  1
 234 4.6078921e+002 1.75e-002 1.81e-001  -6.2 7.20e-001    -  1.00e+000 1.15e-001h  1
 235 4.6021023e+002 1.33e-001 1.50e-001 -11.0 7.00e+000    -  5.33e-002 8.04e-002h  1
 236 4.5977444e+002 1.14e+000 4.11e-001  -5.7 1.14e+001    -  2.22e-001 1.45e-001h  1
 237 4.5938966e+002 1.56e+000 5.79e-001  -5.8 1.90e+001    -  9.15e-002 5.83e-002h  1
 238 4.5893815e+002 1.57e+000 6.27e-001 -11.0 1.30e+001    -  1.26e-001 2.82e-002h  1
 239 4.5797249e+002 2.11e+000 8.13e-001  -5.8 3.71e+001    -  1.39e-001 3.23e-002h  1
iter    objective    inf_pr   inf_du lg(mu)  ||d||  lg(rg) alpha_du alpha_pr  ls
 240 4.5920351e+002 3.67e+000 1.02e+000  -5.3 1.96e+001    -  6.47e-002 1.07e-001h  1
 241 4.5882579e+002 3.59e+000 1.02e+000  -6.0 7.59e+000    -  3.95e-001 2.84e-002h  1
 242 4.5772361e+002 3.25e+000 9.42e-001  -6.0 5.49e+000    -  4.42e-001 2.18e-001h  1
 243 4.5634337e+002 3.11e+000 9.36e-001  -7.5 7.81e+000    -  2.73e-001 9.80e-002h  1
 244 4.5552323e+002 2.40e+000 6.98e-001  -6.5 3.40e+000    -  1.13e-001 2.33e-001h  1
 245 4.5471627e+002 1.50e+000 4.95e-001  -5.9 1.12e+000    -  4.47e-001 3.78e-001h  1
 246 4.5432732e+002 4.05e-001 1.64e-001  -6.1 5.46e-001    -  9.83e-001 7.37e-001h  1
 247 4.5420140e+002 3.86e-001 1.41e+000 -11.0 1.39e+000    -  6.98e-001 4.93e-002h  1
 248 4.5529580e+002 3.74e-001 8.96e-001  -5.5 3.42e+000    -  2.43e-001 1.28e-001h  1
 249 4.5388792e+002 3.44e-001 4.16e-001  -6.1 1.58e+000    -  1.40e-001 4.11e-001h  1
iter    objective    inf_pr   inf_du lg(mu)  ||d||  lg(rg) alpha_du alpha_pr  ls
 250 4.5338531e+002 3.23e-001 2.63e-001  -6.0 2.80e+000    -  3.86e-001 8.36e-002h  2
 251 4.5295217e+002 2.02e-001 5.58e-001  -6.0 6.81e-001    -  1.00e+000 4.57e-001h  1
 252 4.5338277e+002 1.99e-001 3.68e-001  -5.7 2.10e+000    -  5.17e-001 1.96e-001h  3
 253 4.5394263e+002 1.62e-001 3.33e-001  -5.9 1.84e+000    -  7.73e-001 7.90e-001H  1
 254 4.5421738e+002 2.38e-001 4.71e-001  -5.6 2.88e+000    -  4.00e-001 2.12e-001f  2
 255 4.5495744e+002 1.94e-001 5.77e-001  -5.9 1.47e+000    -  7.01e-001 6.10e-001H  1
 256 4.5362680e+002 1.28e-001 4.57e-001  -5.9 8.03e-001    -  7.88e-001 3.47e-001f  2
 257 4.5227397e+002 5.20e-002 3.88e-002  -5.9 3.87e-001    -  6.86e-001 1.00e+000h  1
 258 4.5201260e+002 1.90e-003 5.97e-002  -6.0 3.36e-001    -  1.00e+000 1.00e+000H  1
 259 4.5155598e+002 2.45e-002 1.01e-001  -6.2 1.35e+000    -  1.00e+000 2.04e-001h  1
iter    objective    inf_pr   inf_du lg(mu)  ||d||  lg(rg) alpha_du alpha_pr  ls
 260 4.5114007e+002 2.42e-002 1.24e-001  -6.5 1.35e+000  -5.0 6.14e-001 9.32e-002h  3
 261 4.5053054e+002 7.60e-002 3.82e-001  -6.7 2.14e+000    -  7.91e-001 1.90e-001h  1
 262 4.5732313e+002 1.47e-001 6.92e-001  -5.3 3.22e+000    -  1.60e-001 3.86e-001h  1
 263 4.5362763e+002 3.08e-001 4.72e-001  -6.1 2.35e+000    -  6.03e-001 3.35e-001h  1
 264 4.6109297e+002 2.77e-001 3.82e-001  -6.1 2.76e+000    -  1.32e-001 1.92e-001h  1
 265 4.5741167e+002 2.29e-001 3.13e-001  -6.1 4.16e-001    -  5.38e-001 1.78e-001h  1
 266 4.5297714e+002 1.57e-001 2.05e-001  -6.1 3.67e-001    -  8.82e-001 3.38e-001f  1
 267 4.4934487e+002 6.01e-002 5.32e-002  -6.1 4.35e-001    -  1.00e+000 8.05e-001f  1
 268 4.4914371e+002 3.35e-002 3.81e-002  -6.1 2.84e-001    -  9.29e-001 5.00e-001f  2
 269 4.4855947e+002 2.16e-002 4.56e-002  -6.2 3.20e-001    -  1.00e+000 9.05e-001h  1
iter    objective    inf_pr   inf_du lg(mu)  ||d||  lg(rg) alpha_du alpha_pr  ls
 270 4.5614819e+002 2.74e-001 1.34e+000  -5.5 9.43e-001    -  2.80e-001 1.00e+000h  1
 271 4.5455691e+002 8.76e-002 2.04e-001  -6.0 1.56e+000    -  5.01e-001 8.68e-001H  1
 272 4.5097738e+002 8.95e-002 1.28e-001  -6.0 1.20e+000    -  1.37e-001 3.23e-001f  1
 273 4.4957182e+002 2.20e-002 8.67e-002  -6.0 2.43e-001    -  6.93e-001 7.65e-001f  1
 274 4.4901029e+002 2.52e-003 4.99e-002  -6.0 1.46e-001    -  9.05e-001 1.00e+000f  1
 275 4.4853919e+002 1.04e-002 1.01e-001  -6.4 6.88e-001    -  1.00e+000 2.70e-001h  1
 276 4.4847200e+002 1.05e-002 1.05e-001  -6.5 8.81e+000    -  1.39e-001 6.99e-003h  5
 277 4.4885659e+002 3.06e-003 5.54e-002  -5.9 9.59e-002    -  7.91e-001 1.00e+000h  1
 278 4.4832315e+002 2.62e-002 7.28e-002  -6.1 1.95e+000    -  6.51e-001 3.77e-001h  1
 279 4.4830599e+002 4.65e-002 1.51e-001  -5.8 1.36e+001    -  1.72e-001 7.46e-002h  2
iter    objective    inf_pr   inf_du lg(mu)  ||d||  lg(rg) alpha_du alpha_pr  ls
 280 4.5023628e+002 1.42e-001 3.58e-001  -5.5 8.44e+000    -  2.68e-001 1.84e-001h  2
 281 4.5005332e+002 1.04e-001 3.84e-001  -5.9 2.49e+000    -  6.85e-001 4.85e-001h  1
 282 4.4950204e+002 1.03e-001 3.79e-001  -5.9 2.61e+000    -  1.18e-001 2.58e-001f  2
 283 4.4855877e+002 9.30e-002 3.80e-001  -5.9 2.93e+000    -  3.08e-001 1.49e-001h  1
 284 4.4829924e+002 8.46e-002 3.50e-001  -5.9 2.92e+000    -  3.53e-001 1.11e-001f  3
 285 4.4768038e+002 1.40e-002 5.59e-002  -5.9 6.77e-001    -  1.00e+000 9.75e-001h  1
 286 4.4778952e+002 8.15e-003 5.86e-002  -5.9 5.01e-001    -  7.21e-001 6.02e-001h  1
 287 4.4683235e+002 4.97e-003 5.13e-002  -6.2 3.11e-001    -  1.00e+000 7.26e-001h  1
 288 4.4636190e+002 4.92e-003 1.70e-001  -6.9 5.30e-001    -  8.95e-001 3.34e-001h  1
 289 4.4595202e+002 4.57e-003 2.07e-001  -6.9 7.37e-001    -  9.23e-001 4.22e-001h  1
iter    objective    inf_pr   inf_du lg(mu)  ||d||  lg(rg) alpha_du alpha_pr  ls
 290 4.4548494e+002 8.15e-003 1.13e-001  -7.6 2.29e+000    -  5.64e-001 1.88e-001h  1
 291 4.4523886e+002 1.02e-002 3.20e-001  -6.6 5.79e+000    -  2.33e-001 6.41e-002h  1
 292 4.4479475e+002 2.26e-002 2.70e-001  -6.5 1.07e+001    -  1.48e-001 1.03e-001h  1
 293 4.4464178e+002 3.56e-002 2.95e-001  -6.2 1.85e+001    -  3.07e-001 7.83e-002h  1
 294 4.4466530e+002 4.30e-002 3.64e-001  -6.2 1.02e+001    -  1.12e-001 1.37e-001h  1
 295 4.4441754e+002 4.15e-002 3.52e-001  -6.6 3.33e+000    -  3.65e-001 2.57e-001h  1
 296 4.4456007e+002 3.81e-002 3.19e-001  -6.0 3.48e+000    -  2.60e-001 2.46e-001f  2
 297 4.4520159e+002 1.07e-002 9.86e-002  -6.3 3.06e-001    -  8.81e-001 8.75e-001h  1
 298 4.4423966e+002 6.30e-003 5.67e-002  -6.5 3.24e-001    -  1.00e+000 5.81e-001h  1
 299 4.4385543e+002 3.34e-003 9.20e-002  -6.8 2.98e-001    -  1.00e+000 6.48e-001h  1
iter    objective    inf_pr   inf_du lg(mu)  ||d||  lg(rg) alpha_du alpha_pr  ls
 300 4.4372534e+002 2.84e-003 7.78e-002  -7.1 6.58e-001    -  5.54e-001 1.96e-001h  1
 301 4.4352483e+002 1.58e-002 8.66e-002  -6.9 1.62e+000    -  5.87e-001 3.61e-001h  1
 302 4.4350856e+002 2.81e-002 1.83e-001  -6.1 4.43e+000    -  1.28e-001 1.15e-001h  1
 303 4.4349064e+002 8.94e-002 3.48e-001  -6.0 1.10e+001    -  1.69e-001 8.30e-002h  1
 304 4.4354715e+002 1.01e-001 4.18e-001  -6.0 9.42e+000    -  2.75e-001 5.26e-002h  3
 305 4.4411674e+002 1.40e-002 1.44e-001  -6.4 9.89e-001    -  5.78e-001 1.00e+000h  1
 306 4.4380643e+002 1.43e-002 1.93e-001  -6.4 2.41e+000    -  4.51e-001 1.28e-001h  1
 307 4.4450715e+002 2.61e-002 1.27e-001  -6.4 1.44e+000    -  3.92e-001 3.47e-001H  1
 308 4.4334070e+002 2.17e-002 6.48e-002  -6.4 5.54e-001    -  1.30e-001 5.95e-001f  1
 309 4.4336556e+002 1.71e-002 1.16e-001  -6.1 4.73e-001    -  8.57e-001 5.75e-001f  1
iter    objective    inf_pr   inf_du lg(mu)  ||d||  lg(rg) alpha_du alpha_pr  ls
 310 4.4317184e+002 8.79e-004 1.84e-002  -6.4 1.58e-001    -  1.00e+000 9.74e-001h  1
 311 4.4286213e+002 3.30e-003 2.59e-001  -6.9 3.32e-001    -  1.00e+000 5.94e-001h  1
 312 4.4266940e+002 1.10e-002 1.15e-001  -6.7 7.07e-001    -  9.96e-001 6.19e-001h  1
 313 4.4250505e+002 1.85e-002 1.26e-001  -6.7 1.95e+000    -  7.47e-001 3.16e-001h  1
 314 4.4241096e+002 2.80e-002 2.20e-001  -6.8 3.99e+000    -  5.90e-001 1.92e-001h  1
 315 4.4311590e+002 1.55e-002 2.90e-001  -6.7 1.42e+000    -  7.68e-001 5.93e-001h  1
 316 4.4237961e+002 9.08e-003 2.03e-001  -6.8 3.70e-001    -  4.75e-001 4.52e-001h  1
 317 4.4219190e+002 7.45e-003 1.67e-001  -7.1 2.17e-001    -  8.54e-001 1.89e-001f  1
 318 4.4190966e+002 4.70e-003 1.01e-001  -7.3 4.26e-001    -  8.84e-001 4.66e-001h  1
 319 4.4182551e+002 4.16e-003 1.08e-001  -7.2 1.34e+000    -  6.55e-001 2.21e-001h  1
iter    objective    inf_pr   inf_du lg(mu)  ||d||  lg(rg) alpha_du alpha_pr  ls
 320 4.4177147e+002 3.56e-003 9.87e-002  -7.2 4.77e-001    -  4.48e-001 1.68e-001h  1
 321 4.4167381e+002 4.21e-003 8.19e-002  -7.2 7.87e-001    -  4.10e-001 2.86e-001h  1
 322 4.4164123e+002 5.42e-003 9.52e-002  -7.0 1.05e+000    -  3.35e-001 2.16e-001h  1
 323 4.4164135e+002 6.07e-003 1.64e-001  -6.8 6.66e-001    -  3.56e-001 2.03e-001h  1
 324 4.4172805e+002 3.49e-003 4.80e-002  -6.7 2.16e-001    -  9.98e-001 1.00e+000h  1
 325 4.4185490e+002 7.72e-003 1.59e-001  -6.3 1.53e+000    -  5.72e-001 2.16e-001h  2
 326 4.4204269e+002 4.36e-003 1.17e-001  -6.6 8.54e-001    -  7.70e-001 8.11e-001H  1
 327 4.4198851e+002 4.10e-003 1.18e-001  -6.6 1.14e+000    -  5.50e-001 2.55e-001f  2
 328 4.4177972e+002 7.64e-003 3.21e-002  -6.6 3.48e-001    -  6.75e-001 8.19e-001h  1
 329 4.4170866e+002 1.02e-003 1.09e-002  -6.6 9.75e-002    -  1.00e+000 1.00e+000f  1
iter    objective    inf_pr   inf_du lg(mu)  ||d||  lg(rg) alpha_du alpha_pr  ls
 330 4.4155082e+002 3.45e-004 3.58e-002  -6.9 7.42e-002    -  1.00e+000 8.56e-001h  1
 331 4.4141307e+002 4.01e-004 7.03e-002  -7.4 3.78e-001    -  1.00e+000 4.24e-001h  1
 332 4.4142690e+002 1.56e-002 7.75e-002  -6.3 8.37e+000    -  1.81e-001 1.37e-001h  1
 333 4.4130844e+002 2.29e-002 1.25e-001  -7.0 7.17e+001    -  1.97e-002 1.62e-002h  1
 334 4.4123471e+002 2.78e-002 1.60e-001  -6.9 6.20e+001    -  5.42e-002 1.44e-002h  1
 335 4.4118813e+002 2.85e-002 1.75e-001  -7.0 2.82e+001    -  2.34e-001 1.27e-002h  1
 336 4.4125624e+002 5.66e-002 2.71e-001  -6.0 4.35e+001    -  7.19e-002 4.84e-002h  1
 337 4.4121050e+002 5.75e-002 2.92e-001  -6.8 2.68e+001    -  1.30e-001 1.71e-002h  1
 338 4.4113418e+002 5.94e-002 3.16e-001  -6.8 1.31e+001    -  2.35e-001 5.12e-002h  2
 339 4.4106424e+002 7.36e-002 3.64e-001  -6.8 1.59e+001    -  1.53e-001 6.52e-002h  2
iter    objective    inf_pr   inf_du lg(mu)  ||d||  lg(rg) alpha_du alpha_pr  ls
 340 4.4101805e+002 8.14e-002 3.99e-001  -6.2 2.86e+001    -  1.27e-001 3.40e-002h  2
 341 4.4093727e+002 9.39e-002 4.30e-001 -11.0 2.63e+001    -  1.04e-001 6.54e-002h  1
 342 4.4127350e+002 9.61e-002 4.17e-001  -6.2 1.55e+001    -  2.36e-001 1.16e-001h  2
 343 4.4139524e+002 5.46e-002 3.87e-001  -6.6 1.77e+000    -  2.39e-001 7.55e-001h  1
 344 4.4110217e+002 5.19e-002 3.46e-001  -6.6 3.81e+000    -  9.69e-002 7.29e-002f  2
 345 4.4068219e+002 1.80e-002 3.60e-002  -6.9 6.86e-001    -  9.40e-001 7.24e-001h  1
 346 4.4158160e+002 1.29e-002 7.99e-002  -7.0 1.34e+000    -  7.28e-001 5.57e-001H  1
 347 4.4057371e+002 3.63e-003 3.38e-002  -7.0 8.09e-001    -  3.65e-001 9.08e-001h  1
 348 4.4044702e+002 2.45e-003 1.54e-002  -7.0 3.80e-001    -  8.03e-001 4.49e-001f  1
 349 4.4055803e+002 1.33e-003 3.52e-002  -7.1 7.64e-001    -  9.09e-001 7.71e-001H  1
iter    objective    inf_pr   inf_du lg(mu)  ||d||  lg(rg) alpha_du alpha_pr  ls
 350 4.4051742e+002 1.23e-003 4.54e-002  -7.3 2.09e-001    -  9.00e-001 7.59e-002h  1
 351 4.4041342e+002 1.16e-003 5.23e-002  -8.0 4.82e-001    -  4.26e-001 1.36e-001h  1
 352 4.4032481e+002 1.26e-003 3.47e-002  -7.1 5.09e-001    -  5.49e-001 2.86e-001h  1
 353 4.4029704e+002 1.07e-003 3.34e-002  -7.6 3.57e-001    -  5.76e-001 5.39e-001h  1
 354 4.4020417e+002 3.04e-004 2.50e-002  -7.4 1.68e-001    -  7.79e-001 7.33e-001h  1
 355 4.4015301e+002 1.24e-004 2.62e-002  -7.6 3.67e-002    -  1.00e+000 6.30e-001h  1
 356 4.4013334e+002 9.17e-005 3.24e-002  -8.1 4.16e-002    -  1.00e+000 2.72e-001h  1
 357 4.4011357e+002 9.17e-005 8.18e-002  -7.7 1.92e-001    -  4.51e-001 2.13e-001h  1
 358 4.4010339e+002 9.85e-005 5.71e-001  -7.4 9.54e-001    -  3.94e-001 4.26e-002h  1
 359 4.4008850e+002 4.49e-004 4.42e-001  -7.3 1.43e+000    -  5.13e-001 1.37e-001h  1
iter    objective    inf_pr   inf_du lg(mu)  ||d||  lg(rg) alpha_du alpha_pr  ls
 360 4.4007785e+002 7.37e-004 3.66e-001  -7.2 9.30e-001    -  2.53e-001 2.05e-001h  1
 361 4.4011119e+002 2.72e-003 2.81e-001  -6.9 1.77e+000    -  2.71e-001 2.20e-001h  1
 362 4.4007564e+002 3.37e-003 2.68e-001  -7.3 2.52e+000    -  2.69e-001 1.03e-001h  1
 363 4.4005553e+002 5.58e-003 2.37e-001  -6.8 4.23e+000    -  9.26e-002 1.02e-001f  1
 364 4.4010708e+002 7.22e-003 2.08e-001  -6.7 3.35e+000    -  2.58e-001 1.05e-001h  1
 365 4.4007497e+002 8.43e-003 1.85e-001  -7.1 2.88e+000    -  1.77e-001 1.20e-001h  1
 366 4.4003715e+002 8.90e-003 3.84e-001  -7.1 5.17e+000    -  1.73e-001 4.19e-002f  1
 367 4.4015407e+002 1.33e-002 2.49e-001  -6.4 7.34e+000    -  1.01e-001 8.09e-002f  1
 368 4.4010422e+002 1.31e-002 5.62e-001  -7.0 3.02e+000    -  3.75e-001 9.69e-002h  1
 369 4.4006006e+002 1.35e-002 5.38e-001  -7.0 7.42e+000    -  1.49e-001 3.44e-002f  2
iter    objective    inf_pr   inf_du lg(mu)  ||d||  lg(rg) alpha_du alpha_pr  ls
 370 4.4058336e+002 6.03e-003 9.10e+000  -7.0 1.30e+000    -  4.20e-002 8.08e-001H  1
 371 4.4034748e+002 6.54e-003 7.22e+000  -7.0 2.00e+000    -  2.44e-002 2.00e-001f  1
 372 4.4006700e+002 5.74e-003 5.98e+000  -7.0 7.68e-001    -  6.24e-002 1.76e-001f  2
 373 4.3992086e+002 3.96e-003 4.11e+000  -7.3 2.23e-001    -  9.65e-001 3.26e-001h  1
 374 4.3986081e+002 1.81e-003 1.83e+000  -7.0 1.66e-001    -  1.00e+000 5.74e-001h  1
 375 4.3980748e+002 3.86e-004 2.09e-001  -7.3 1.47e-001    -  1.00e+000 8.96e-001h  1
 376 4.3973744e+002 1.81e-004 2.34e-002  -7.6 1.03e-001    -  1.00e+000 8.95e-001h  1
 377 4.3970246e+002 1.24e-004 3.74e-002  -7.9 7.49e-002    -  1.00e+000 4.38e-001h  1
 378 4.3966296e+002 1.34e-004 2.03e-002  -8.2 1.34e-001    -  8.45e-001 5.81e-001h  1
 379 4.3965255e+002 1.33e-004 2.78e-002  -8.8 3.75e-001    -  3.52e-001 1.12e-001h  1
iter    objective    inf_pr   inf_du lg(mu)  ||d||  lg(rg) alpha_du alpha_pr  ls
 380 4.3963438e+002 2.16e-004 2.29e-002  -8.2 7.19e-001    -  2.03e-001 1.85e-001h  1
 381 4.3962947e+002 2.21e-004 2.68e-002  -9.2 2.55e+000    -  1.04e-001 1.51e-002h  1
 382 4.3961079e+002 5.29e-004 3.55e-002  -7.8 8.08e+000    -  1.24e-001 2.33e-002h  1
 383 4.3960774e+002 1.21e-003 5.03e-002  -6.5 9.89e+000    -  2.39e-002 2.59e-002h  1
 384 4.3960820e+002 2.00e-003 6.64e-002  -7.1 6.41e+000    -  2.03e-001 5.22e-002h  1
 385 4.3958713e+002 3.80e-003 9.33e-002  -7.6 9.08e+000    -  6.12e-002 5.31e-002h  1
 386 4.3958180e+002 4.00e-003 1.04e-001  -6.4 1.32e+001    -  2.57e-002 1.29e-002f  1
 387 4.3959353e+002 7.36e-003 1.36e-001  -6.8 1.33e+001    -  8.82e-002 5.74e-002h  1
 388 4.3957938e+002 8.39e-003 1.55e-001  -7.4 1.70e+001    -  7.85e-002 2.79e-002h  1
 389 4.3956080e+002 9.24e-003 6.60e-001  -7.9 1.10e+001    -  2.79e-001 4.20e-002f  1
iter    objective    inf_pr   inf_du lg(mu)  ||d||  lg(rg) alpha_du alpha_pr  ls
 390 4.3956566e+002 9.46e-003 8.22e-001  -6.8 7.61e+000    -  3.14e-001 5.80e-002h  3
 391 4.3956014e+002 9.37e-003 6.31e-001  -7.2 2.74e+000    -  1.82e-001 1.01e-002h  1
 392 4.3954517e+002 4.63e-003 6.07e+000  -7.2 8.03e-001    -  1.10e-001 9.03e-001f  1
 393 4.3952802e+002 3.57e-003 4.30e+000  -7.3 9.87e-001    -  7.00e-001 3.08e-001f  2
 394 4.3951472e+002 5.72e-004 3.74e-001  -7.3 1.50e-001    -  7.96e-001 9.13e-001h  1
 395 4.3947127e+002 7.74e-004 3.65e-001  -7.6 5.25e-001    -  1.00e+000 4.62e-001h  1
 396 4.3951555e+002 4.02e-003 4.96e-001  -6.9 2.24e+000    -  3.66e-001 2.22e-001h  2
 397 4.3951629e+002 3.92e-003 2.65e-001  -7.3 1.19e+000    -  6.28e-001 9.29e-002h  3
 398 4.3955632e+002 1.62e-003 4.94e-002  -7.3 8.31e-001    -  7.96e-001 1.00e+000h  1
 399 4.3949251e+002 9.96e-004 4.48e-002  -7.3 6.23e-001    -  6.14e-001 5.26e-001h  1
iter    objective    inf_pr   inf_du lg(mu)  ||d||  lg(rg) alpha_du alpha_pr  ls
 400 4.3944058e+002 3.40e-004 2.77e-002  -7.3 2.64e-001    -  7.24e-001 1.00e+000f  1
 401 4.3954331e+002 1.52e-003 1.73e-001  -6.9 2.68e-001    -  4.51e-001 1.00e+000h  1
 402 4.3952243e+002 2.22e-003 1.15e-001  -7.2 7.29e-001    -  1.00e+000 3.96e-001h  1
 403 4.3949313e+002 2.29e-003 2.20e-001  -7.2 3.15e+000    -  5.49e-001 1.07e-001f  1
 404 4.3946401e+002 2.50e-003 1.40e-001  -7.2 3.70e+000    -  6.81e-001 1.20e-001f  3
 405 4.3943794e+002 2.36e-003 1.39e-001  -7.2 2.53e+000    -  4.46e-001 1.96e-001h  3
 406 4.3939779e+002 2.05e-003 9.31e-002  -7.7 1.93e+000    -  2.44e-001 2.93e-001h  2
 407 4.3938907e+002 1.99e-003 7.29e-002  -7.0 8.96e-001    -  5.45e-001 7.09e-002h  1
 408 4.3937153e+002 2.66e-003 1.46e-001  -7.1 3.02e+000    -  3.66e-001 7.23e-002h  1
 409 4.3936401e+002 2.71e-003 2.31e-001  -6.8 2.16e+000    -  5.46e-001 4.86e-002h  1
iter    objective    inf_pr   inf_du lg(mu)  ||d||  lg(rg) alpha_du alpha_pr  ls
 410 4.3937285e+002 3.35e-003 1.66e-001  -7.0 3.90e+000    -  3.36e-001 1.10e-001h  2
 411 4.4029873e+002 3.23e-005 8.43e-002  -7.0 1.13e+000    -  6.89e-001 1.00e+000H  1
 412 4.3944432e+002 3.62e-003 5.14e-002  -7.3 1.13e+000    -  1.00e+000 6.93e-001h  1
 413 4.3942005e+002 3.53e-003 3.07e-002  -7.4 9.45e-001    -  2.53e-001 3.71e-001h  1
 414 4.3931589e+002 3.35e-005 2.19e-002  -7.4 6.20e-002    -  6.70e-001 1.00e+000f  1
 415 4.3923918e+002 1.99e-005 3.24e-002  -7.7 3.07e-002    -  1.00e+000 7.28e-001h  1
 416 4.3923836e+002 1.14e-005 2.45e-003  -7.5 2.97e-002    -  1.00e+000 1.00e+000h  1
 417 4.3921201e+002 1.02e-005 5.42e-002  -8.3 2.83e-002    -  1.00e+000 5.52e-001h  1
 418 4.3919673e+002 3.16e-005 1.79e-002  -7.7 7.86e-002    -  1.00e+000 5.89e-001h  1
 419 4.3918693e+002 8.74e-005 1.59e-002  -8.1 4.74e-001    -  3.84e-001 2.16e-001h  1
iter    objective    inf_pr   inf_du lg(mu)  ||d||  lg(rg) alpha_du alpha_pr  ls
 420 4.3924195e+002 2.26e-004 1.42e-001  -7.2 1.56e-001    -  1.44e-001 6.24e-001h  1
 421 4.3920129e+002 5.40e-004 3.54e-002  -7.8 3.01e-001    -  1.00e+000 7.07e-001h  1
 422 4.3919585e+002 5.24e-004 4.01e-002  -7.8 5.56e-001    -  6.68e-001 6.76e-002f  1
 423 4.3918328e+002 3.86e-004 2.85e-002  -7.8 1.52e-001    -  3.24e-001 4.02e-001f  1
 424 4.3916557e+002 4.41e-004 3.97e-002  -8.0 1.79e-001    -  9.77e-001 5.40e-001f  1
 425 4.3916062e+002 4.02e-004 2.22e-001  -8.0 1.35e-001    -  6.65e-001 3.77e-001h  1
 426 4.3916431e+002 1.99e-004 8.18e-003  -7.7 9.10e-002    -  1.00e+000 9.77e-001h  1
 427 4.3915298e+002 3.25e-004 3.12e-002  -8.0 2.20e-001    -  7.21e-001 3.97e-001h  1
 428 4.3914190e+002 3.79e-004 5.31e-002  -8.6 2.63e-001    -  6.59e-001 2.29e-001h  1
 429 4.3913261e+002 4.24e-004 2.13e-001 -11.0 2.99e-001    -  3.45e-001 1.75e-001h  1
iter    objective    inf_pr   inf_du lg(mu)  ||d||  lg(rg) alpha_du alpha_pr  ls
 430 4.3912835e+002 1.16e-003 1.85e-001  -7.8 4.57e-001    -  2.30e-001 3.10e-001h  1
 431 4.3912563e+002 2.12e-003 9.57e-002  -7.7 2.16e+000    -  1.84e-001 7.29e-002h  1
 432 4.3912420e+002 2.42e-003 1.06e-001  -7.7 1.56e+000    -  2.76e-001 6.68e-002h  2
 433 4.3911888e+002 3.82e-003 1.95e-001  -8.0 1.60e+000    -  2.95e-001 1.29e-001h  1
 434 4.3911838e+002 4.20e-003 1.56e-001  -6.7 5.52e+000    -  5.09e-002 1.87e-002h  1
 435 4.3912015e+002 6.86e-003 3.11e-001  -6.7 1.52e+001    -  4.23e-002 1.74e-002h  1
 436 4.3911897e+002 1.08e-002 2.14e-001  -7.7 6.86e+000    -  8.27e-003 5.20e-002h  2
 437 4.3911292e+002 1.74e-002 3.12e-001  -7.7 1.22e+001    -  9.90e-002 3.82e-002h  1
 438 4.3913024e+002 4.04e-002 2.99e-001  -6.5 2.10e+001    -  3.92e-002 4.19e-002f  1
 439 4.3912407e+002 4.04e-002 2.54e-001  -7.5 3.09e+001    -  5.24e-002 2.72e-003h  1
iter    objective    inf_pr   inf_du lg(mu)  ||d||  lg(rg) alpha_du alpha_pr  ls
 440 4.3911153e+002 4.21e-002 3.74e-001  -7.5 1.79e+001    -  1.09e-001 2.19e-002f  2
 441 4.3946133e+002 4.19e-002 3.19e-001  -6.5 6.74e+000    -  7.05e-002 7.87e-002h  2
 442 4.3933587e+002 1.10e-002 1.23e-001  -7.3 8.62e-001    -  2.26e-001 1.00e+000h  1
 443 4.3933953e+002 9.24e-003 1.01e-001  -7.3 5.26e-001    -  1.99e-001 1.68e-001h  1
 444 4.3918445e+002 7.32e-003 4.97e-002  -7.3 8.46e-001    -  5.32e-001 3.60e-001f  1
 445 4.3919159e+002 6.66e-003 2.23e-001  -7.3 8.58e-001    -  4.07e-001 9.67e-002h  3
 446 4.3906978e+002 3.66e-003 1.12e-001  -7.3 4.54e-001    -  5.51e-001 1.00e+000h  1
 447 4.4166992e+002 8.45e-006 1.07e-001  -7.0 2.52e-001    -  7.18e-001 1.00e+000H  1
 448 4.3909416e+002 1.26e-003 1.35e-003  -7.2 2.32e-001    -  1.00e+000 1.00e+000f  1
 449 4.3908247e+002 9.71e-006 1.25e-003  -7.2 3.18e-002    -  1.00e+000 1.00e+000h  1
iter    objective    inf_pr   inf_du lg(mu)  ||d||  lg(rg) alpha_du alpha_pr  ls
 450 4.3912895e+002 4.55e-003 3.15e-002  -6.4 9.71e+000    -  1.03e-001 7.11e-002f  1
 451 4.3912491e+002 4.89e-003 1.68e-001  -7.1 1.23e+001    -  1.97e-001 1.64e-002h  3
 452 4.3911623e+002 5.89e-003 5.50e-001  -7.1 7.74e+000    -  3.74e-001 3.94e-002h  2
 453 4.3910996e+002 6.76e-003 6.30e-001  -7.1 1.02e+001    -  6.73e-002 2.73e-002h  2
 454 4.3909786e+002 7.89e-003 7.40e-001  -7.1 1.30e+001    -  8.33e-002 2.64e-002h  4
 455 4.3907368e+002 2.55e-002 5.90e-001  -7.1 3.66e+001    -  1.09e-002 3.52e-002h  2
 456 4.3905087e+002 3.11e-002 5.97e-001  -7.1 8.86e+001    -  2.15e-002 8.59e-003h  2
 457 4.3904309e+002 3.11e-002 5.92e-001 -11.0 1.64e+001    -  8.76e-002 8.83e-003h  4
 458 4.3903067e+002 3.15e-002 4.82e-001  -7.1 5.70e+000    -  6.07e-001 9.74e-002h  3
 459 4.4109284e+002 3.00e-002 4.08e-001  -6.6 1.66e+000  -5.5 2.10e-001 1.67e-001h  1
iter    objective    inf_pr   inf_du lg(mu)  ||d||  lg(rg) alpha_du alpha_pr  ls
 460 4.3983596e+002 1.95e-002 2.82e-001  -7.1 2.91e-001    -  9.66e-002 3.77e-001h  1
 461 4.3927622e+002 1.46e-002 1.74e-001  -7.1 1.07e+000    -  7.18e-001 5.20e-001f  1
 462 4.3908039e+002 1.40e-002 1.66e-001  -7.1 2.16e+000    -  6.53e-002 7.02e-002f  1
 463 4.3906666e+002 2.96e-003 7.57e-002  -7.1 2.61e-001    -  6.01e-002 8.24e-001f  1
 464 4.3898287e+002 3.01e-003 5.57e-002  -7.6 7.34e-001    -  6.51e-001 5.11e-001f  1
 465 4.3898039e+002 3.39e-003 6.74e-002  -7.0 3.71e+000    -  3.60e-001 6.00e-002h  3
 466 4.3941434e+002 3.29e-003 6.38e-002  -7.2 9.82e-001    -  4.45e-001 5.96e-001H  1
 467 4.3901235e+002 3.52e-003 2.48e-002  -7.3 5.65e-001    -  6.24e-001 1.00e+000h  1
 468 4.3896114e+002 3.38e-003 6.37e-002  -7.3 1.32e+000    -  3.50e-001 1.10e-001h  1
 469 4.3890972e+002 1.93e-003 6.29e-002  -9.3 1.92e-001    -  7.52e-001 4.53e-001h  1
iter    objective    inf_pr   inf_du lg(mu)  ||d||  lg(rg) alpha_du alpha_pr  ls
 470 4.3886876e+002 1.20e-003 3.29e-002  -8.2 2.84e-001    -  6.47e-001 5.16e-001h  1
 471 4.3886015e+002 1.20e-003 2.69e-002  -8.0 1.48e+000    -  3.12e-001 4.18e-002h  1
 472 4.3885892e+002 1.19e-003 1.77e-002  -7.5 9.98e-001    -  4.14e-001 7.55e-002h  4
 473 4.3890715e+002 1.27e-003 2.76e-002  -8.0 5.96e-001    -  6.40e-001 6.17e-001H  1
 474 4.3889844e+002 2.53e-003 4.51e-002  -7.6 1.32e+000    -  5.08e-001 2.50e-001h  1
 475 4.3888948e+002 2.50e-003 4.56e-002  -7.8 1.73e+000    -  6.82e-002 1.06e-002h  1
 476 4.3886161e+002 2.34e-003 4.65e-002  -7.8 7.40e-001    -  4.29e-001 1.03e-001f  1
 477 4.3884920e+002 2.25e-003 4.45e-002  -7.8 8.53e-001    -  1.38e-001 5.42e-002f  2
 478 4.3881040e+002 2.11e-003 3.03e-002  -8.3 5.16e-001    -  9.37e-001 4.71e-001h  1
 479 4.3880111e+002 2.17e-003 3.31e-002  -7.5 2.18e+000    -  2.65e-001 4.59e-002h  3
iter    objective    inf_pr   inf_du lg(mu)  ||d||  lg(rg) alpha_du alpha_pr  ls
 480 4.3880047e+002 2.72e-003 6.15e-002  -7.7 1.60e+000    -  7.70e-001 1.47e-001h  2
 481 4.3880594e+002 2.68e-003 1.36e-001  -7.7 1.34e+000    -  4.83e-001 7.67e-002h  3
 482 4.3881409e+002 2.50e-003 2.10e-001  -7.8 6.21e-001    -  6.96e-001 3.56e-001h  1
 483 4.3879442e+002 4.21e-003 5.21e-001  -7.8 3.17e+000    -  2.04e-001 1.12e-001h  1
 484 4.3880163e+002 5.51e-003 4.90e-001  -6.9 1.25e+001    -  2.73e-002 2.36e-002f  2
 485 4.3879792e+002 5.49e-003 4.35e-001  -7.8 2.60e+000    -  5.00e-003 4.93e-002h  2
 486 4.3879359e+002 5.46e-003 4.59e-001  -7.8 2.04e+000    -  2.44e-001 8.60e-002h  1
 487 4.3878979e+002 8.39e-003 4.27e-001  -7.8 7.69e+000    -  4.48e-002 6.06e-002f  2
 488 4.3878539e+002 1.87e-002 4.29e-001  -6.8 3.36e+001    -  7.16e-002 2.48e-002h  1
 489 4.3878079e+002 1.88e-002 4.27e-001 -11.0 2.26e+001    -  6.44e-002 4.91e-003h  2
iter    objective    inf_pr   inf_du lg(mu)  ||d||  lg(rg) alpha_du alpha_pr  ls
 490 4.3878169e+002 1.83e-002 3.99e-001  -7.0 3.13e+000    -  2.05e-001 4.07e-002h  1
 491 4.3880967e+002 1.83e-002 3.84e-001  -7.0 6.54e+000    -  1.35e-001 3.19e-002h  3
 492 4.3899773e+002 7.46e-003 7.14e-002  -7.4 7.66e-001    -  5.23e-001 1.00e+000h  1
 493 4.3896868e+002 7.07e-003 7.13e-002  -7.4 1.64e+000    -  1.30e-001 7.71e-002h  3
 494 4.3886067e+002 9.60e-003 4.42e-002  -7.4 1.69e+000    -  1.24e-001 3.20e-001h  1
 495 4.3882900e+002 1.06e-002 8.07e-002  -7.4 1.24e+001    -  5.87e-002 2.33e-002f  1
 496 4.3881318e+002 1.06e-002 6.11e-002  -7.4 2.76e+000    -  2.35e-002 9.66e-002f  2
 497 4.3886849e+002 1.04e-002 3.10e-002  -7.4 1.80e+000    -  3.03e-001 2.14e-001h  2
 498 4.3892020e+002 7.91e-003 3.66e-002  -7.4 6.19e-001    -  6.80e-001 2.58e-001h  1
 499 4.3878870e+002 2.90e-003 6.67e-003  -7.4 4.02e-001    -  8.22e-001 8.71e-001f  1
iter    objective    inf_pr   inf_du lg(mu)  ||d||  lg(rg) alpha_du alpha_pr  ls
 500 4.3898290e+002 2.49e-003 3.12e-002  -6.8 5.38e-001    -  2.21e-001 2.50e-001f  3
 501 4.3881233e+002 1.70e-004 4.36e-003  -7.3 1.08e-001    -  1.00e+000 1.00e+000h  1
 502 4.3877736e+002 1.08e-004 1.10e-001  -8.3 5.52e-002    -  1.00e+000 4.58e-001h  1
 503 4.3874565e+002 4.01e-005 3.14e-002  -7.9 3.05e-002    -  1.00e+000 7.34e-001h  1
 504 4.3873866e+002 4.36e-005 2.99e-002  -8.0 7.35e-002    -  9.10e-001 4.60e-001H  1
 505 4.3871863e+002 1.75e-005 1.47e-002  -8.4 1.15e-002    -  1.00e+000 6.65e-001h  1
 506 4.3870979e+002 9.59e-006 1.33e-002  -9.0 1.41e-002    -  1.00e+000 5.28e-001h  1
 507 4.3871457e+002 4.04e-006 2.48e-002  -8.1 1.14e-002    -  1.00e+000 7.09e-001h  1
 508 4.3871125e+002 3.77e-006 1.99e-002  -9.0 2.26e-002    -  1.00e+000 2.37e-001h  1
 509 4.3870963e+002 5.60e-006 6.59e-002 -11.0 1.28e-001    -  4.87e-001 7.22e-002h  1
iter    objective    inf_pr   inf_du lg(mu)  ||d||  lg(rg) alpha_du alpha_pr  ls
 510 4.3870487e+002 2.93e-005 5.47e-002  -9.3 1.11e-001    -  1.00e+000 2.95e-001h  1
 511 4.3870314e+002 3.96e-005 1.18e-002  -8.4 4.45e-001    -  4.83e-001 5.80e-002h  1
 512 4.3870128e+002 8.92e-005 1.41e-002  -7.9 1.15e+000    -  2.55e-001 4.70e-002h  1
 513 4.3870015e+002 1.03e-004 2.41e-002  -8.8 9.08e-001    -  2.21e-001 3.86e-002h  3
 514 4.3869950e+002 2.79e-004 2.13e-002  -8.2 5.57e-001    -  3.09e-001 2.04e-001h  1
 515 4.3869828e+002 3.07e-004 1.30e-001  -7.4 2.54e+000    -  1.49e-001 1.79e-002h  1
 516 4.3869470e+002 4.08e-004 5.65e-001  -9.5 3.64e+000    -  1.04e-001 2.56e-002h  1
 517 4.3875999e+002 3.30e-003 4.65e-001  -6.8 2.52e+000    -  2.64e-002 1.90e-001h  1
 518 4.3875685e+002 3.35e-003 5.74e-001  -7.9 6.23e+000    -  1.49e-001 1.86e-002h  2
 519 4.3875395e+002 3.29e-003 5.43e-001  -7.9 2.59e+000    -  1.61e-001 6.51e-002h  2
iter    objective    inf_pr   inf_du lg(mu)  ||d||  lg(rg) alpha_du alpha_pr  ls
 520 4.3874889e+002 3.17e-003 4.34e-001  -7.9 2.25e+000    -  2.49e-001 8.33e-002h  2
 521 4.3874434e+002 3.31e-003 3.77e-001  -7.9 2.45e+000    -  1.42e-001 9.10e-002h  1
 522 4.3873875e+002 3.33e-003 3.30e-001  -7.9 1.45e+000    -  1.14e-001 3.22e-002h  4
 523 4.3871999e+002 2.42e-003 3.35e-001  -7.9 3.94e-001    -  1.02e-001 2.97e-001h  1
 524 4.3871577e+002 2.49e-003 2.30e-001  -7.9 6.10e+000    -  1.06e-001 2.17e-002f  3
 525 4.3871342e+002 2.46e-003 1.46e-001  -7.9 2.46e+000    -  1.48e-001 3.01e-002h  4
 526 4.3880776e+002 2.38e-003 2.15e-002  -7.9 4.92e-001    -  7.30e-001 6.10e-001h  1
 527 4.3870037e+002 8.53e-004 1.57e-002  -7.9 1.62e-001    -  4.88e-001 6.72e-001f  1
 528 4.3869518e+002 6.17e-004 1.25e+000  -7.9 2.58e-001    -  7.01e-005 3.67e-001f  1
 529 4.3868575e+002 4.39e-005 7.11e-003  -7.9 6.87e-002    -  1.00e+000 1.00e+000f  1
iter    objective    inf_pr   inf_du lg(mu)  ||d||  lg(rg) alpha_du alpha_pr  ls
 530 4.3867994e+002 3.63e-005 7.66e-001  -8.0 6.56e-002    -  1.00e+000 2.05e-001h  1
 531 4.3867338e+002 2.41e-005 1.20e-001  -8.0 4.48e-002    -  1.00e+000 8.49e-001h  1
 532 4.3866558e+002 3.58e-005 2.17e-002  -8.5 6.10e-002    -  1.00e+000 6.96e-001h  1
 533 4.3866007e+002 1.94e-005 1.11e-001  -8.9 1.15e-002    -  1.00e+000 4.64e-001h  1
 534 4.3865573e+002 1.16e-005 9.83e-002  -9.3 2.44e-002    -  1.00e+000 4.33e-001h  1
 535 4.3865306e+002 9.33e-006 1.59e-002  -9.5 2.73e-002    -  1.00e+000 4.18e-001h  1
 536 4.3865194e+002 1.42e-005 1.27e-001  -9.1 7.29e-002    -  9.59e-001 2.07e-001h  1
 537 4.3865108e+002 3.05e-005 1.53e-001  -8.9 1.36e-001    -  5.02e-001 2.11e-001h  1
 538 4.3865032e+002 6.19e-005 1.38e-001  -8.7 3.01e-001    -  3.01e-001 1.40e-001h  1
 539 4.3864879e+002 1.01e-004 2.15e-001  -9.1 4.91e-001    -  4.79e-001 1.04e-001h  1
iter    objective    inf_pr   inf_du lg(mu)  ||d||  lg(rg) alpha_du alpha_pr  ls
 540 4.3864800e+002 2.52e-004 4.13e-001  -8.0 1.71e+000    -  1.14e-001 5.23e-002h  1
 541 4.3864757e+002 2.53e-004 4.17e-001  -8.8 1.58e+000    -  9.37e-002 8.51e-003h  1
 542 4.3864702e+002 2.69e-004 2.30e-001  -8.3 1.70e+000    -  2.80e-001 2.20e-002f  4
 543 4.3865422e+002 1.42e-006 7.01e-002  -8.7 2.26e-001    -  5.54e-001 1.00e+000H  1
 544 4.3865086e+002 3.23e-004 7.39e-002  -8.8 1.17e+000    -  2.89e-001 9.44e-002h  1
 545 4.3865025e+002 9.73e-004 1.17e-001  -8.8 2.09e+000    -  1.15e-001 6.71e-002h  1
 546 4.3864756e+002 1.01e-003 5.29e-002  -8.8 4.30e-001    -  7.92e-002 1.30e-001f  2
 547 4.3864324e+002 6.28e-004 5.68e-002  -8.8 1.27e-001    -  1.15e-001 4.25e-001h  1
 548 4.3864208e+002 4.15e-004 3.20e-002  -9.6 5.74e-002    -  4.22e-001 3.41e-001f  1
 549 4.3864149e+002 1.63e-004 2.42e-002  -8.5 2.67e-002    -  5.77e-001 6.46e-001h  1
iter    objective    inf_pr   inf_du lg(mu)  ||d||  lg(rg) alpha_du alpha_pr  ls
 550 4.3864766e+002 6.29e-005 3.09e-002  -8.3 4.33e-002    -  5.12e-001 1.00e+000h  1
 551 4.3865451e+002 3.33e-007 1.10e-003  -8.2 9.34e-002    -  1.00e+000 1.00e+000H  1
 552 4.3864429e+002 5.23e-005 2.53e-002  -9.0 4.08e-002    -  1.00e+000 5.91e-001h  1
 553 4.3863960e+002 6.01e-005 2.19e-002  -9.5 7.90e-002    -  8.39e-001 3.36e-001h  1
 554 4.3863783e+002 3.33e-005 1.53e-002  -9.3 2.53e-002    -  8.93e-001 6.08e-001h  1
 555 4.3863495e+002 4.72e-006 3.16e-003  -9.4 1.38e-002    -  1.00e+000 9.27e-001h  1
 556 4.3863444e+002 3.24e-006 5.50e-002 -10.0 1.01e-002    -  1.00e+000 3.71e-001h  1
 557 4.3863392e+002 4.23e-006 2.05e-001 -10.8 3.57e-002    -  1.00e+000 3.21e-001h  1
 558 4.3863344e+002 1.07e-005 1.77e-001 -10.0 4.11e-001    -  5.98e-001 5.33e-002h  1
 559 4.3863309e+002 1.62e-005 2.24e-001  -9.4 3.83e-001    -  7.21e-001 5.66e-002h  1
iter    objective    inf_pr   inf_du lg(mu)  ||d||  lg(rg) alpha_du alpha_pr  ls
 560 4.3863241e+002 2.89e-005 2.02e-001  -9.6 2.83e-001    -  4.79e-001 1.24e-001h  1
 561 4.3863110e+002 7.23e-005 1.79e-001  -9.3 1.09e+000    -  3.10e-001 5.79e-002f  1
 562 4.3863008e+002 3.24e-004 1.37e-001  -8.7 3.86e+000    -  1.75e-001 3.85e-002h  1
 563 4.3862908e+002 5.62e-004 1.27e-001 -11.0 5.72e+000    -  4.10e-002 2.86e-002h  1
 564 4.3862823e+002 5.71e-004 1.25e-001  -9.4 4.25e+000    -  7.24e-002 7.96e-003h  1
 565 4.3863208e+002 5.77e-004 1.23e-001  -8.9 5.73e-001    -  1.96e-001 1.04e-001h  1
 566 4.3862825e+002 3.50e-004 6.31e-002  -9.2 9.26e-002    -  3.97e-001 4.33e-001h  1
 567 4.3862634e+002 3.31e-004 4.74e-002  -9.2 2.67e-001    -  1.51e-001 1.65e-001f  1
 568 4.3862472e+002 2.85e-004 5.09e-002 -11.0 1.00e-001    -  2.31e-001 1.47e-001h  1
 569 4.3862323e+002 1.39e-005 7.80e-002  -9.3 3.60e-002    -  3.43e-001 1.00e+000h  1
iter    objective    inf_pr   inf_du lg(mu)  ||d||  lg(rg) alpha_du alpha_pr  ls
 570 4.3862184e+002 1.05e-005 3.25e-002  -9.3 3.51e-002    -  1.00e+000 5.81e-001h  1
 571 4.3862132e+002 1.35e-005 1.24e-002  -8.7 1.88e-001    -  4.19e-001 9.03e-002h  1
 572 4.3862063e+002 5.94e-005 2.39e-002  -8.7 3.47e-001    -  7.97e-001 1.62e-001h  1
 573 4.3862302e+002 5.49e-004 2.51e-002  -7.6 2.96e+000    -  3.69e-002 6.05e-002h  1
 574 4.3862289e+002 5.49e-004 1.92e-002  -8.7 5.14e+000    -  4.80e-002 6.37e-004h  1
 575 4.3861994e+002 1.00e-003 2.84e-002  -8.7 6.62e+000    -  3.88e-002 2.56e-002f  1
 576 4.3862002e+002 1.66e-003 4.34e-002  -6.6 3.87e+001    -  9.14e-003 5.58e-003f  1
 577 4.3861943e+002 1.78e-003 4.76e-002  -8.4 1.85e+001    -  4.73e-003 5.25e-003h  3
 578 4.3862149e+002 1.90e-003 1.40e-001  -7.7 2.30e+000    -  1.62e-001 6.18e-002h  2
 579 4.3861826e+002 1.99e-003 1.41e-001  -8.3 1.99e+000    -  1.06e-001 7.10e-002h  3
iter    objective    inf_pr   inf_du lg(mu)  ||d||  lg(rg) alpha_du alpha_pr  ls
 580 4.3867536e+002 2.80e-003 3.60e-001  -6.7 2.88e+000    -  3.38e-002 6.58e-002h  1
 581 4.3864349e+002 3.00e-003 1.99e-001  -8.0 7.20e-001    -  4.22e-001 4.45e-001h  1
 582 4.3862746e+002 3.59e-003 1.84e-001  -8.0 1.62e+001    -  5.39e-002 1.47e-002f  2
 583 4.3863307e+002 3.51e-003 1.75e-001  -8.0 1.90e+000    -  5.77e-002 4.05e-002h  2
 584 4.3862944e+002 9.15e-005 1.22e-002  -8.0 8.75e-002    -  1.00e+000 1.00e+000h  1
 585 4.3864334e+002 4.30e-006 1.42e-002  -8.0 8.36e-002    -  8.73e-001 9.81e-001H  1
 586 4.3861219e+002 4.11e-005 3.75e-003  -8.0 5.08e-002    -  9.78e-001 1.00e+000f  1
 587 4.3860193e+002 5.03e-005 2.89e-002  -8.6 8.13e-002    -  1.00e+000 5.79e-001h  1
 588 4.3860001e+002 2.21e-004 2.13e-002 -11.0 7.98e-001    -  3.43e-001 1.52e-001h  1
 589 4.3859923e+002 2.45e-004 1.70e-002  -7.8 1.59e+000    -  1.30e-001 3.32e-002h  1
iter    objective    inf_pr   inf_du lg(mu)  ||d||  lg(rg) alpha_du alpha_pr  ls
 590 4.3861847e+002 2.48e-003 6.18e-002  -7.2 1.06e+001    -  7.15e-002 4.30e-002h  1
 591 4.3861726e+002 2.72e-003 1.70e-001  -8.2 6.22e+000    -  8.03e-002 2.64e-002h  2
 592 4.3861650e+002 4.30e-003 2.53e-001  -8.2 4.54e+000    -  2.38e-001 8.51e-002h  1
 593 4.3861458e+002 4.29e-003 3.23e-001  -8.2 9.32e+000    -  1.04e-001 3.02e-003h  1
 594 4.3860837e+002 4.24e-003 3.26e-001  -8.2 3.47e+000    -  1.26e-002 1.92e-002h  1
 595 4.3860009e+002 3.22e-003 4.29e-001  -8.2 2.90e-001    -  4.99e-002 2.48e-001f  1
 596 4.3859242e+002 2.16e-003 7.94e-001  -8.2 1.63e-001    -  1.35e-001 3.32e-001f  1
 597 4.3858762e+002 1.72e-003 6.32e-001 -11.0 3.13e-002    -  1.96e-001 2.05e-001h  1
 598 4.3858771e+002 1.18e-003 4.20e-001  -8.0 8.37e-002    -  2.57e-001 3.18e-001h  1
 599 4.3858729e+002 1.02e-003 3.63e-001 -11.0 3.62e-001    -  1.79e-001 1.64e-001h  1
iter    objective    inf_pr   inf_du lg(mu)  ||d||  lg(rg) alpha_du alpha_pr  ls
 600 4.3857962e+002 5.86e-004 3.29e-001  -9.0 7.98e-002    -  7.93e-001 4.29e-001h  1
 601 4.3858129e+002 5.32e-005 1.38e-002  -8.5 6.21e-002    -  8.98e-001 9.42e-001h  1
 602 4.3857451e+002 1.01e-005 7.46e-003  -8.6 1.29e-002    -  1.00e+000 8.27e-001h  1
 603 4.3857123e+002 4.45e-006 2.02e-002  -9.4 1.55e-002    -  1.00e+000 6.38e-001h  1
 604 4.3856940e+002 8.95e-006 1.60e-002  -9.5 4.72e-002    -  1.00e+000 5.84e-001h  1
 605 4.3856917e+002 9.94e-006 8.58e-002  -9.0 1.88e-001    -  9.81e-001 6.77e-002h  1
 606 4.3856973e+002 5.76e-005 8.64e-002  -8.4 3.05e-001    -  1.36e-001 2.29e-001h  1
 607 4.3856919e+002 7.04e-005 1.14e-001  -9.0 3.39e-001    -  4.86e-001 1.44e-001h  1
 608 4.3856856e+002 6.99e-005 9.87e-002  -9.0 2.26e-001    -  7.17e-001 1.58e-001f  1
 609 4.3856932e+002 1.05e-004 3.22e-001  -8.5 3.68e-001    -  5.00e-001 2.44e-001f  1
iter    objective    inf_pr   inf_du lg(mu)  ||d||  lg(rg) alpha_du alpha_pr  ls
 610 4.3856930e+002 1.08e-004 3.18e-001  -8.7 3.68e-001    -  5.54e-001 1.35e-001h  2
 611 4.3857137e+002 2.59e-005 4.13e-002  -8.7 3.59e-002    -  8.21e-001 7.81e-001h  1
 612 4.3856819e+002 1.24e-005 6.14e-003  -8.7 4.45e-002    -  8.14e-001 1.00e+000f  1
 613 4.3856631e+002 3.57e-006 4.00e-003  -9.2 2.78e-002    -  1.00e+000 9.24e-001h  1
 614 4.3856505e+002 5.51e-006 5.31e-002  -9.6 4.75e-002    -  1.00e+000 6.30e-001h  1
 615 4.3857060e+002 1.26e-005 3.80e-002  -8.5 8.90e-002    -  2.97e-001 3.87e-001h  1
 616 4.3856546e+002 2.56e-006 1.56e-003  -9.0 2.01e-002    -  1.00e+000 9.73e-001h  1
 617 4.3856456e+002 1.71e-006 6.15e-002  -9.7 2.69e-002    -  1.00e+000 4.49e-001f  1
 618 4.3856398e+002 6.15e-006 7.13e-002  -9.4 2.11e-001    -  6.38e-001 1.85e-001h  1
 619 4.3856371e+002 7.34e-006 7.41e-002  -8.5 3.00e+000    -  8.95e-002 7.00e-003h  1
iter    objective    inf_pr   inf_du lg(mu)  ||d||  lg(rg) alpha_du alpha_pr  ls
 620 4.3856462e+002 3.78e-005 8.48e-002  -8.7 1.03e+000    -  2.28e-001 8.90e-002h  2
 621 4.3856344e+002 7.29e-005 6.63e-002  -9.1 6.04e-001    -  1.52e-001 1.74e-001h  1
 622 4.3856228e+002 9.96e-005 7.90e-002  -8.3 2.37e+000    -  1.36e-001 3.78e-002f  1
 623 4.3856167e+002 1.32e-004 5.90e-002  -8.3 3.65e+000    -  1.09e-001 2.81e-002h  1
 624 4.3856155e+002 1.31e-004 5.31e-002 -11.0 1.55e+000    -  2.31e-002 2.92e-003h  1
 625 4.3856126e+002 1.36e-004 1.42e-001  -8.7 1.10e+000    -  3.82e-001 6.24e-002h  1
 626 4.3856103e+002 1.62e-004 5.66e-002  -8.8 5.47e-001    -  1.51e-001 2.66e-001h  1
 627 4.3855998e+002 1.64e-004 6.58e-002  -9.3 1.30e+000    -  2.05e-001 3.26e-002f  1
 628 4.3857253e+002 2.03e-004 9.35e-002  -8.3 2.65e-001    -  3.74e-001 5.00e-001H  1
 629 4.3856552e+002 1.57e-004 9.88e-002  -8.7 8.85e-002    -  2.07e-001 2.89e-001h  1
iter    objective    inf_pr   inf_du lg(mu)  ||d||  lg(rg) alpha_du alpha_pr  ls
 630 4.3856039e+002 1.03e-004 6.58e-002  -8.7 4.31e-002    -  1.87e-001 3.53e-001f  1
 631 4.3855836e+002 6.46e-005 9.75e-002  -8.7 3.56e-002    -  8.98e-001 3.84e-001f  1
 632 4.3855737e+002 2.91e-005 5.80e-002  -8.7 6.37e-002    -  1.00e+000 8.22e-001h  1
 633 4.3856020e+002 6.20e-005 4.20e-002  -8.2 2.95e-001    -  5.44e-001 2.32e-001h  3
 634 4.3856730e+002 5.16e-005 5.44e-002  -8.4 2.05e-001    -  4.19e-001 8.79e-001H  1
 635 4.3856481e+002 5.96e-005 2.09e-002  -8.4 2.57e-001    -  4.44e-001 1.15e-001f  4
 636 4.3857150e+002 1.96e-005 1.52e-001  -8.4 1.19e-001    -  2.27e-001 8.44e-001H  1
 637 4.3856327e+002 4.67e-005 2.60e-002  -8.4 4.72e-002    -  1.00e+000 9.12e-001f  1
 638 4.3855872e+002 1.17e-004 2.82e-002  -8.4 1.22e-001    -  8.48e-001 1.00e+000f  1
 639 4.3855840e+002 1.07e-004 7.97e-002  -8.4 2.34e-001    -  1.00e+000 1.89e-001h  3
iter    objective    inf_pr   inf_du lg(mu)  ||d||  lg(rg) alpha_du alpha_pr  ls
 640 4.3855992e+002 1.24e-005 5.05e-003  -8.4 5.93e-002    -  1.00e+000 1.00e+000h  1
 641 4.3856135e+002 2.36e-005 5.23e-003  -8.4 2.95e-002    -  1.00e+000 9.98e-001h  1
 642 4.3855231e+002 7.29e-006 2.81e-002  -9.1 1.41e-002    -  1.00e+000 8.09e-001f  1
 643 4.3855052e+002 4.00e-006 4.01e-002  -9.7 2.45e-002    -  1.00e+000 5.06e-001h  1
 644 4.3854990e+002 4.44e-006 6.16e-002 -11.0 1.99e-001    -  5.53e-001 1.28e-001h  1
 645 4.3854962e+002 1.09e-005 6.09e-002  -9.0 8.75e-001    -  1.48e-001 6.32e-002h  1
 646 4.3854916e+002 5.23e-005 5.15e-002  -8.6 1.12e+000    -  9.65e-002 1.20e-001h  1
 647 4.3854867e+002 5.68e-005 7.25e-002  -8.0 8.04e+000    -  4.35e-002 5.67e-003h  1
 648 4.3855023e+002 2.42e-004 2.05e-001  -8.0 1.48e+001    -  5.23e-002 1.98e-002h  2
 649 4.3855000e+002 2.92e-004 2.39e-001  -9.0 4.72e+000    -  1.39e-001 3.74e-002h  2
iter    objective    inf_pr   inf_du lg(mu)  ||d||  lg(rg) alpha_du alpha_pr  ls
 650 4.3854791e+002 5.36e-004 3.17e-001  -9.0 2.10e+001    -  3.00e-002 1.64e-002h  1
 651 4.3854738e+002 6.04e-004 3.14e-001  -9.0 2.01e+001    -  3.27e-002 9.93e-003f  1
 652 4.3854945e+002 7.28e-004 3.19e-001  -8.0 6.78e+000    -  8.83e-002 4.65e-002f  1
 653 4.3854902e+002 7.27e-004 3.34e-001  -8.8 8.35e+000    -  6.53e-002 2.83e-003h  1
 654 4.3854829e+002 7.22e-004 3.76e-001  -8.8 9.35e-001  -6.0 1.10e-001 7.14e-003f  4
 655 4.3854743e+002 6.72e-004 3.46e-001  -8.8 2.50e-001    -  5.46e-002 7.03e-002h  1
 656 4.3854662e+002 6.57e-004 3.08e-001  -8.8 2.17e+000    -  1.53e-002 2.90e-002f  3
 657 4.3854541e+002 6.48e-004 1.75e-001  -8.8 1.88e+000    -  4.31e-002 1.38e-001h  1
 658 4.3854346e+002 7.35e-004 1.80e-001  -7.8 1.85e+001    -  7.71e-002 1.47e-002f  1
 659 4.3854342e+002 8.75e-004 1.71e-001  -6.9 6.24e+001    -  1.11e-002 4.97e-003h  1
iter    objective    inf_pr   inf_du lg(mu)  ||d||  lg(rg) alpha_du alpha_pr  ls
 660 4.3854334e+002 8.96e-004 1.79e-001  -8.5 7.66e+000    -  3.64e-002 1.23e-002h  1
 661 4.3854374e+002 7.77e-004 1.47e-001  -8.5 5.08e-001    -  2.07e-001 1.76e-001f  3
 662 4.3854230e+002 7.12e-004 1.35e-001  -8.5 6.38e-001    -  3.82e-002 8.72e-002h  1
 663 4.3854205e+002 6.99e-004 1.18e-001  -8.0 5.39e-001    -  5.45e-001 1.92e-002f  1
 664 4.3855335e+002 1.70e-004 1.10e-002  -8.5 1.35e-001    -  6.97e-001 1.00e+000h  1
 665 4.3854440e+002 7.92e-005 2.21e-002  -8.5 7.18e-002    -  4.32e-001 6.51e-001h  1
 666 4.3854483e+002 6.24e-005 4.01e-002  -8.0 1.27e-001    -  7.16e-001 2.66e-001f  1
 667 4.3870400e+002 2.25e-006 3.12e-002  -7.6 3.52e-001    -  5.82e-001 1.00e+000H  1
 668 4.3856726e+002 1.43e-004 6.11e-003  -7.9 1.89e-001    -  1.00e+000 1.00e+000h  1
 669 4.3857472e+002 1.01e-004 1.06e-002  -7.9 1.46e-001    -  5.86e-001 6.90e-001h  1
iter    objective    inf_pr   inf_du lg(mu)  ||d||  lg(rg) alpha_du alpha_pr  ls
 670 4.3856245e+002 1.41e-006 4.19e-003  -7.9 1.88e-002    -  9.44e-001 1.00e+000f  1
 671 4.3856082e+002 2.92e-006 2.23e-003  -7.9 2.18e-002    -  1.00e+000 1.00e+000h  1
 672 4.3856113e+002 2.77e-007 2.54e-004  -7.9 4.81e-003    -  1.00e+000 1.00e+000h  1
 673 4.3854835e+002 1.62e-006 2.62e-002  -8.9 1.96e-002    -  1.00e+000 5.94e-001h  1
 674 4.3854554e+002 6.58e-007 3.15e-003  -8.2 2.36e-002    -  1.00e+000 8.81e-001H  1
 675 4.3853851e+002 2.69e-006 6.51e-003  -8.7 1.90e-002    -  1.00e+000 7.09e-001h  1
 676 4.3853593e+002 2.05e-006 1.81e-002  -9.8 1.41e-002    -  1.00e+000 3.38e-001h  1
 677 4.3853469e+002 1.68e-006 2.14e-002  -8.7 1.44e-002    -  4.90e-001 9.77e-001h  1
 678 4.3853350e+002 1.40e-006 2.05e-002  -9.7 1.78e-002    -  1.00e+000 2.72e-001h  1
 679 4.3853268e+002 1.52e-006 1.33e-002  -9.1 2.93e-002    -  8.16e-001 3.59e-001h  1
iter    objective    inf_pr   inf_du lg(mu)  ||d||  lg(rg) alpha_du alpha_pr  ls
 680 4.3853178e+002 1.65e-006 8.37e-003  -9.3 3.92e-002    -  8.98e-001 3.87e-001h  1
 681 4.3853121e+002 2.77e-006 6.82e-003  -9.7 1.01e-001    -  1.00e+000 2.02e-001h  1
 682 4.3853084e+002 4.22e-006 7.22e-003  -9.4 1.18e-001    -  9.70e-001 2.36e-001h  1
 683 4.3853006e+002 7.17e-006 1.20e-002 -10.2 1.63e-001    -  7.26e-001 2.72e-001h  1
 684 4.3852946e+002 1.14e-005 1.98e-002 -11.0 1.07e+000    -  1.87e-001 4.68e-002h  1
 685 4.3852853e+002 2.00e-005 2.25e-002  -8.7 4.52e+000    -  6.35e-002 1.60e-002h  1
 686 4.3852877e+002 4.68e-005 2.47e-002  -8.1 5.68e+000    -  6.89e-002 2.50e-002h  1
 687 4.3852873e+002 5.67e-005 2.31e-002  -9.2 1.74e+000    -  2.27e-001 5.82e-002h  1
 688 4.3852840e+002 8.00e-005 2.88e-002  -9.2 1.06e+000    -  1.36e-001 1.62e-001f  1
 689 4.3852752e+002 8.40e-005 3.34e-002  -9.5 3.99e+000    -  2.02e-001 1.97e-002h  1
iter    objective    inf_pr   inf_du lg(mu)  ||d||  lg(rg) alpha_du alpha_pr  ls
 690 4.3852640e+002 1.04e-004 9.78e-002  -9.3 4.85e+000    -  1.69e-001 3.36e-002h  1
 691 4.3852617e+002 1.21e-004 1.57e-001  -8.7 5.10e+000    -  1.07e-001 2.59e-002h  2
 692 4.3852626e+002 1.20e-004 1.43e-001  -9.2 1.13e+000    -  1.05e-001 5.17e-002h  3
In iteration 692, 1 Slack too small, adjusting variable bound
 693 4.3852499e+002 7.73e-005 8.08e-002  -9.2 4.17e-002    -  5.01e-001 3.60e-001h  1
 694 4.3852375e+002 4.58e-005 3.29e-002 -11.0 3.13e-002    -  2.32e-001 4.13e-001h  1
 695 4.3852319e+002 1.27e-006 2.53e-003  -9.5 1.26e-002    -  6.96e-001 1.00e+000h  1
 696 4.3852286e+002 2.29e-006 1.58e-003  -9.6 2.75e-002    -  1.00e+000 1.00e+000h  1
 697 4.3852516e+002 6.02e-007 4.89e-004  -9.1 7.89e-002    -  8.13e-001 1.00e+000H  1
 698 4.3852458e+002 4.72e-007 2.81e-002  -9.2 1.43e-001    -  5.04e-001 8.94e-002h  1
 699 4.3852361e+002 1.04e-005 3.74e-002  -8.8 2.10e-001    -  2.54e-001 1.71e-001h  3
iter    objective    inf_pr   inf_du lg(mu)  ||d||  lg(rg) alpha_du alpha_pr  ls
 700 4.3853119e+002 4.81e-007 1.40e-003  -9.2 8.26e-002    -  3.37e-001 1.00e+000H  1
 701 4.3852376e+002 1.83e-006 4.20e-003  -9.7 1.52e-002    -  1.00e+000 7.16e-001h  1
 702 4.3851995e+002 1.01e-006 2.63e-003  -9.8 1.64e-002    -  4.18e-001 6.93e-001h  1
 703 4.3851918e+002 5.48e-006 1.51e-003  -9.9 3.74e-002    -  1.00e+000 1.00e+000f  1
 704 4.3851896e+002 9.29e-006 2.98e-003  -9.6 5.18e-001    -  3.85e-001 5.04e-002h  1
 705 4.3851883e+002 6.46e-005 8.39e-003 -11.0 8.76e-001    -  6.35e-002 8.90e-002h  1
 706 4.3851855e+002 6.90e-005 1.01e-002  -9.8 1.24e+000    -  1.64e-001 1.76e-002h  1
 707 4.3851801e+002 8.65e-005 1.32e-002 -10.2 2.32e+000    -  5.48e-002 1.82e-002h  1
 708 4.3851744e+002 1.04e-004 1.63e-002  -9.8 5.45e+000    -  8.30e-002 7.81e-003h  1
 709 4.3851701e+002 1.35e-004 2.71e-002 -10.1 4.59e+000    -  9.50e-002 1.14e-002h  3
iter    objective    inf_pr   inf_du lg(mu)  ||d||  lg(rg) alpha_du alpha_pr  ls
 710 4.3851695e+002 1.50e-004 3.87e-002  -9.8 9.77e-001    -  1.81e-001 3.76e-002h  3
 711 4.3851672e+002 1.89e-004 3.50e-002  -9.9 6.14e-001    -  1.05e-001 9.66e-002h  2
 712 4.3851638e+002 1.86e-004 2.12e-002  -9.6 1.18e+000    -  2.29e-001 2.39e-002h  2
 713 4.3851629e+002 1.80e-004 2.07e-002 -10.4 1.13e-001    -  5.64e-001 3.22e-002h  1
 714 4.3851602e+002 2.62e-004 2.63e-002  -9.4 2.47e+000    -  1.26e-001 3.03e-002h  3
 715 4.3851584e+002 2.66e-004 2.80e-002  -9.6 1.72e+000    -  1.30e-001 1.45e-002h  2
 716 4.3851543e+002 2.48e-004 4.83e-002  -9.8 4.64e-001    -  5.36e-001 7.96e-002h  1
 717 4.3851569e+002 2.64e-004 3.94e-002  -9.1 1.46e+000    -  6.92e-002 1.37e-001h  1
In iteration 717, 1 Slack too small, adjusting variable bound
 718 4.3851540e+002 2.63e-004 3.53e-002  -9.8 2.15e+000    -  5.52e-002 9.49e-003h  1
In iteration 718, 1 Slack too small, adjusting variable bound
 719 4.3851487e+002 2.60e-004 2.79e-002  -9.8 7.08e-001    -  7.91e-002 5.40e-002h  1
iter    objective    inf_pr   inf_du lg(mu)  ||d||  lg(rg) alpha_du alpha_pr  ls
 720 4.3851537e+002 1.85e-004 5.65e-002  -9.8 1.41e-001    -  1.80e-001 3.45e-001h  1
 721 4.3851364e+002 7.94e-005 1.46e-002  -9.8 9.19e-002    -  4.08e-001 5.90e-001h  1
 722 4.3851347e+002 3.69e-005 1.01e-002  -9.1 2.29e-002    -  4.79e-001 5.36e-001f  1
 723 4.3851323e+002 2.53e-005 1.65e-002  -9.4 2.48e-002    -  7.23e-001 3.20e-001h  1
 724 4.3851323e+002 2.26e-005 9.07e-003  -9.1 3.43e-002    -  8.55e-001 1.09e-001h  1
 725 4.3851320e+002 2.25e-005 7.87e-003 -10.0 2.29e-001    -  3.50e-001 7.49e-003h  1
 726 4.3851297e+002 4.87e-005 1.37e-002  -8.9 6.31e-001    -  5.00e-001 1.35e-001h  3
 727 4.3851289e+002 5.54e-005 6.20e-003  -9.1 3.95e-001    -  4.15e-001 1.37e-001h  3
 728 4.3851260e+002 6.53e-005 9.06e-003  -9.1 3.17e-001    -  1.00e+000 1.97e-001h  3
 729 4.3851219e+002 6.51e-005 2.67e-002  -9.2 2.74e-001    -  8.06e-001 1.43e-001h  2
iter    objective    inf_pr   inf_du lg(mu)  ||d||  lg(rg) alpha_du alpha_pr  ls
 730 4.3851184e+002 7.81e-005 2.34e-002 -11.0 5.81e-001    -  1.22e-001 1.26e-001h  1
 731 4.3851174e+002 8.11e-005 5.48e-002  -9.4 3.32e-001    -  8.61e-001 1.67e-001h  2
 732 4.3851193e+002 5.95e-005 2.73e-002  -9.4 7.72e-002    -  5.79e-001 3.94e-001h  1
 733 4.3851162e+002 8.99e-006 3.35e-003  -9.4 1.60e-002    -  9.07e-001 8.77e-001f  1
 734 4.3851075e+002 1.11e-005 6.67e-003  -9.4 4.15e-002    -  6.47e-001 1.00e+000h  1
 735 4.3851186e+002 7.96e-007 3.55e-003  -9.4 9.72e-003    -  1.00e+000 9.74e-001h  1
 736 4.3850979e+002 2.00e-006 6.14e-004  -9.7 1.45e-002    -  1.00e+000 9.82e-001h  1
 737 4.3850943e+002 6.92e-007 5.30e-004 -10.2 7.41e-003    -  1.00e+000 9.83e-001h  1
 738 4.3850909e+002 2.11e-005 1.14e-002  -9.3 2.70e-001    -  5.94e-001 1.56e-001h  1
 739 4.3850902e+002 2.13e-005 1.11e-002 -11.0 1.82e+000    -  3.30e-002 2.30e-003h  1
iter    objective    inf_pr   inf_du lg(mu)  ||d||  lg(rg) alpha_du alpha_pr  ls
 740 4.3850884e+002 2.97e-005 9.35e-003  -9.3 5.08e-001    -  1.50e-001 7.97e-002h  1
 741 4.3850950e+002 5.20e-005 8.49e-003  -8.8 9.23e-001    -  8.24e-002 8.31e-002h  1
In iteration 741, 1 Slack too small, adjusting variable bound
 742 4.3850906e+002 5.58e-005 5.49e-002  -9.5 1.01e+000    -  2.64e-001 4.26e-002h  1
In iteration 742, 1 Slack too small, adjusting variable bound
 743 4.3850871e+002 5.90e-005 5.26e-002  -9.5 5.73e+000    -  3.24e-002 3.97e-003h  1
 744 4.3850836e+002 6.68e-005 4.83e-002  -9.5 3.09e+000    -  9.73e-003 2.24e-002h  1
 745 4.3850790e+002 8.45e-005 4.65e-002 -11.0 2.86e+000    -  5.85e-002 3.46e-002h  1
 746 4.3850725e+002 9.75e-005 4.47e-002  -9.2 2.72e+000    -  4.45e-002 2.31e-002h  2
 747 4.3850709e+002 1.40e-004 4.02e-002  -9.0 1.96e+000    -  1.90e-001 4.76e-002h  1
 748 4.3850686e+002 1.38e-004 3.07e-002  -9.3 1.09e+000    -  1.08e-001 3.23e-002h  1
 749 4.3850661e+002 6.96e-005 1.87e-001  -8.9 5.00e-002    -  1.20e-001 5.19e-001h  1
iter    objective    inf_pr   inf_du lg(mu)  ||d||  lg(rg) alpha_du alpha_pr  ls
 750 4.3850575e+002 6.07e-005 1.49e-001 -10.0 7.28e-002    -  3.26e-001 1.96e-001h  1
 751 4.3850507e+002 4.96e-005 9.74e-002  -9.5 5.20e-002    -  6.42e-001 3.59e-001h  1
 752 4.3850477e+002 4.44e-005 8.48e-002  -9.4 1.44e-001    -  5.36e-001 1.11e-001h  1
 753 4.3850439e+002 4.26e-005 7.95e-002  -9.7 8.07e-001    -  3.59e-001 7.18e-002h  3
 754 4.3850437e+002 6.91e-005 7.81e-002  -8.7 5.69e+000    -  1.15e-001 3.10e-002h  2
 755 4.3850314e+002 1.25e-004 7.67e-002  -9.4 2.05e+001    -  2.55e-002 9.63e-003h  1
 756 4.3850247e+002 1.98e-004 7.86e-002  -8.7 2.99e+001    -  4.73e-002 8.19e-003f  3
 757 4.3850428e+002 4.53e-004 8.28e-002  -7.9 3.57e+001    -  4.24e-002 1.28e-002h  2
 758 4.3850349e+002 4.82e-004 8.44e-002  -9.0 5.23e+001    -  2.84e-002 3.18e-003h  3
 759 4.3850349e+002 5.06e-004 8.82e-002  -9.0 1.62e+001    -  3.10e-002 1.19e-002h  3
iter    objective    inf_pr   inf_du lg(mu)  ||d||  lg(rg) alpha_du alpha_pr  ls
 760 4.3850263e+002 5.32e-004 1.17e-001  -9.0 1.11e+001    -  9.46e-002 1.73e-002h  1
 761 4.3850189e+002 5.46e-004 1.26e-001  -9.0 7.48e+000    -  2.69e-002 5.22e-003f  3
 762 4.3849876e+002 3.87e-004 6.15e-002  -9.0 4.48e-001    -  4.55e-001 5.26e-001h  1
 763 4.3850604e+002 8.14e-004 6.53e-002  -7.6 3.37e+001    -  2.66e-002 1.39e-002h  3
 764 4.3851685e+002 8.63e-004 6.26e-002  -8.8 2.32e+000    -  5.72e-002 5.06e-002h  3
 765 4.3850038e+002 8.33e-005 1.57e-002  -8.8 2.59e-001    -  1.00e+000 1.00e+000h  1
 766 4.3849862e+002 2.53e-004 1.21e-002  -8.5 8.44e+000    -  1.71e-001 3.82e-002h  1
 767 4.3849814e+002 2.53e-004 6.04e-002 -11.0 5.43e+000    -  1.27e-001 6.27e-003h  4
 768 4.3859186e+002 1.95e-004 6.31e-002  -8.6 2.49e-001    -  3.67e-001 1.00e+000h  1
 769 4.3853392e+002 1.24e-004 4.16e-002  -8.8 8.28e-002    -  1.00e+000 3.86e-001h  1
iter    objective    inf_pr   inf_du lg(mu)  ||d||  lg(rg) alpha_du alpha_pr  ls
 770 4.3851073e+002 8.51e-005 2.96e-002  -8.8 6.87e-002    -  1.78e-001 3.22e-001f  1
 771 4.3850062e+002 5.87e-005 1.68e-002  -8.8 9.24e-002    -  4.65e-001 3.58e-001f  1
 772 4.3850108e+002 1.72e-005 6.29e-003  -8.5 6.27e-002    -  1.00e+000 1.00e+000f  1
 773 4.3850204e+002 3.53e-006 6.73e-003  -8.5 2.48e-002    -  1.00e+000 9.37e-001h  1
 774 4.3849506e+002 2.33e-006 1.77e-002  -9.4 2.38e-002    -  1.00e+000 5.36e-001h  1
 775 4.3849255e+002 1.09e-006 1.50e-002  -9.3 6.54e-003    -  7.59e-001 5.40e-001h  1
 776 4.3849108e+002 7.73e-007 7.42e-003  -9.9 1.39e-002    -  1.00e+000 5.86e-001h  1
 777 4.3849054e+002 5.87e-007 6.49e-003 -10.4 1.32e-002    -  1.00e+000 4.21e-001h  1
 778 4.3849024e+002 6.93e-007 5.47e-003 -10.8 2.81e-002    -  1.00e+000 2.82e-001h  1
 779 4.3849000e+002 1.35e-006 6.00e-003 -11.0 1.26e-001    -  4.18e-001 9.66e-002h  1
iter    objective    inf_pr   inf_du lg(mu)  ||d||  lg(rg) alpha_du alpha_pr  ls
 780 4.3848978e+002 2.34e-006 9.84e-003 -10.9 1.32e-001    -  7.31e-001 9.81e-002h  1
 781 4.3848950e+002 3.71e-006 4.19e-002  -9.9 1.76e-001    -  7.58e-001 9.17e-002h  1
 782 4.3848944e+002 2.90e-005 4.00e-002  -8.8 1.05e+000    -  7.50e-002 6.55e-002h  1
 783 4.3848930e+002 3.72e-005 3.59e-002  -9.7 3.02e-001    -  4.35e-001 2.28e-001h  1
 784 4.3848830e+002 4.27e-005 1.33e-002  -9.7 3.14e-001    -  8.75e-001 2.93e-001f  1
 785 4.3848731e+002 6.15e-005 1.89e-002  -9.4 1.68e+000    -  2.68e-001 5.65e-002h  1
 786 4.3848693e+002 7.42e-005 2.38e-002  -9.2 1.55e+000    -  1.77e-001 6.58e-002h  2
 787 4.3848655e+002 6.46e-005 2.36e-002  -9.6 4.39e-001    -  3.47e-001 1.54e-001h  1
 788 4.3848604e+002 6.15e-005 2.30e-002 -11.0 3.72e-001    -  9.15e-002 5.24e-002h  1
 789 4.3848465e+002 6.54e-005 2.70e-002 -10.3 1.53e+000    -  2.42e-001 9.64e-002h  1
iter    objective    inf_pr   inf_du lg(mu)  ||d||  lg(rg) alpha_du alpha_pr  ls
 790 4.3848394e+002 8.78e-005 3.15e-002  -8.8 5.77e+000    -  5.72e-002 2.31e-002h  1
 791 4.3848373e+002 9.20e-005 3.28e-002 -11.0 1.64e+000    -  6.29e-002 4.88e-002h  2
 792 4.3848412e+002 9.66e-005 3.15e-002  -8.7 8.53e-001    -  2.26e-001 1.53e-001h  1
In iteration 792, 1 Slack too small, adjusting variable bound
 793 4.3848379e+002 9.63e-005 3.20e-002  -9.3 2.25e+000    -  1.82e-002 1.75e-002h  1
 794 4.3848353e+002 1.02e-004 3.34e-002  -9.3 4.66e+000    -  6.75e-002 2.36e-002h  3
 795 4.3849364e+002 7.89e-005 1.94e-002  -8.5 2.25e-001    -  1.50e-001 2.78e-001h  1
 796 4.3848320e+002 2.19e-005 5.06e-003  -9.1 1.12e-001    -  1.00e+000 1.00e+000h  1
 797 4.3848698e+002 6.16e-006 5.82e-003  -9.1 5.86e-002    -  1.00e+000 9.48e-001h  1
 798 4.3848252e+002 3.41e-006 1.29e-003  -9.2 3.90e-002    -  1.00e+000 1.00e+000h  1
 799 4.3848198e+002 3.05e-006 2.76e-003  -9.5 2.42e-002    -  1.00e+000 9.57e-001h  1
iter    objective    inf_pr   inf_du lg(mu)  ||d||  lg(rg) alpha_du alpha_pr  ls
 800 4.3848125e+002 5.22e-007 1.20e-003  -9.7 1.35e-002    -  1.00e+000 8.46e-001h  1
 801 4.3848156e+002 7.41e-007 1.17e-003  -9.4 1.30e-002    -  1.00e+000 1.00e+000h  1
 802 4.3848115e+002 4.80e-007 6.70e-004  -9.5 6.39e-003    -  1.00e+000 1.00e+000h  1
 803 4.3848078e+002 7.79e-007 3.96e-003 -10.2 1.19e-002    -  1.00e+000 5.07e-001h  1
 804 4.3848067e+002 3.55e-006 8.71e-003  -9.8 2.35e-002    -  1.00e+000 7.18e-001h  1
 805 4.3848101e+002 1.77e-005 5.91e-003  -8.9 1.27e-001    -  2.96e-001 3.33e-001h  1
 806 4.3848079e+002 1.95e-005 8.17e-003  -9.4 1.02e+000    -  7.94e-002 1.79e-002h  1
 807 4.3848075e+002 1.93e-005 4.28e-002  -9.4 2.64e-001    -  4.64e-001 7.81e-002f  2
 808 4.3848177e+002 1.08e-005 7.57e-003  -9.4 4.75e-002    -  3.68e-001 9.02e-001h  1
In iteration 808, 1 Slack too small, adjusting variable bound
 809 4.3848086e+002 6.27e-006 2.09e-002  -9.4 2.45e-002    -  1.00e+000 5.02e-001f  1
iter    objective    inf_pr   inf_du lg(mu)  ||d||  lg(rg) alpha_du alpha_pr  ls
 810 4.3848016e+002 8.28e-007 2.15e-001  -9.4 1.87e-002    -  2.13e-001 1.00e+000h  1
 811 4.3847959e+002 4.03e-007 4.26e-002 -10.0 5.31e-003    -  1.00e+000 7.84e-001h  1
 812 4.3847929e+002 6.74e-007 2.44e-003 -10.3 1.05e-002    -  1.00e+000 7.78e-001h  1
 813 4.3847964e+002 2.69e-006 6.07e-003  -9.2 4.62e-002    -  3.67e-001 3.06e-001h  1
 814 4.3847958e+002 2.13e-005 3.94e-003  -9.7 4.92e-002    -  7.38e-001 7.18e-001h  1
 815 4.3847941e+002 7.55e-005 8.51e-003  -9.7 3.64e-001    -  1.29e-001 1.44e-001f  2
 816 4.3847929e+002 7.93e-005 2.42e-002  -9.7 4.55e-001    -  2.28e-001 3.48e-002h  3
 817 4.3847921e+002 6.60e-005 2.02e-002  -9.7 4.90e-002    -  1.83e-001 1.73e-001h  3
 818 4.3847888e+002 1.02e-005 1.36e-003  -9.9 2.98e-002    -  1.00e+000 1.00e+000h  1
 819 4.3847901e+002 2.63e-005 3.33e-003  -9.4 1.36e-001    -  5.38e-001 2.84e-001h  1
iter    objective    inf_pr   inf_du lg(mu)  ||d||  lg(rg) alpha_du alpha_pr  ls
 820 4.3848078e+002 1.58e-005 4.57e-003  -9.7 4.57e-002    -  3.84e-001 5.59e-001H  1
In iteration 820, 1 Slack too small, adjusting variable bound
 821 4.3847965e+002 1.25e-005 1.86e-001  -9.7 2.85e-002    -  9.42e-001 2.89e-001f  1
 822 4.3847930e+002 1.25e-005 6.48e-002  -9.7 1.17e-001    -  3.84e-001 4.08e-002h  1
 823 4.3847896e+002 1.20e-005 4.89e-002  -9.7 5.37e-002    -  1.00e+000 1.78e-001f  3
In iteration 823, 1 Slack too small, adjusting variable bound
 824 4.3847849e+002 8.81e-006 3.99e-002  -9.7 7.05e-002    -  6.23e-001 2.72e-001h  1
 825 4.3847845e+002 7.67e-006 3.70e-002  -9.0 9.92e-002    -  2.75e-001 1.82e-001h  1
 826 4.3848097e+002 4.42e-008 7.73e-004  -9.5 3.69e-002    -  8.88e-001 1.00e+000H  1
 827 4.3847904e+002 5.55e-007 1.27e-002  -9.9 1.34e-002    -  1.00e+000 5.86e-001h  1
 828 4.3847844e+002 5.20e-007 3.68e-002  -9.1 1.23e-002    -  6.48e-001 4.51e-001h  1
 829 4.3847813e+002 1.37e-006 8.58e-002  -9.4 2.26e-002    -  1.00e+000 6.88e-001h  1
iter    objective    inf_pr   inf_du lg(mu)  ||d||  lg(rg) alpha_du alpha_pr  ls
 830 4.3847778e+002 3.35e-006 2.79e-002  -9.4 8.22e-002    -  7.94e-001 3.38e-001h  1
 831 4.3847779e+002 3.52e-006 5.82e-001  -8.6 2.54e-001    -  3.72e-001 2.63e-002h  1
 832 4.3847789e+002 5.60e-006 5.09e-001  -9.0 1.14e-001    -  2.21e-001 1.39e-001h  2
 833 4.3847787e+002 8.68e-006 2.77e-001  -9.0 1.20e-001    -  5.48e-001 1.39e-001h  3
 834 4.3847768e+002 5.17e-005 1.77e-001  -9.0 2.89e-001    -  2.47e-001 1.65e-001h  2
 835 4.3847737e+002 1.52e-004 1.94e-001  -9.0 2.37e+000    -  5.29e-002 3.56e-002h  1
 836 4.3847687e+002 4.35e-004 1.98e-001  -9.0 6.03e+000    -  2.94e-002 2.51e-002f  2
 837 4.3847659e+002 4.47e-004 2.14e-001 -11.0 1.05e+001    -  5.12e-002 3.81e-003h  4
 838 4.3847622e+002 4.88e-004 2.40e-001  -9.1 5.65e+000    -  7.62e-002 1.26e-002h  3
 839 4.3847926e+002 1.06e-003 2.42e-001  -8.2 6.97e+000    -  6.24e-002 3.61e-002h  1
iter    objective    inf_pr   inf_du lg(mu)  ||d||  lg(rg) alpha_du alpha_pr  ls
 840 4.3847891e+002 1.05e-003 2.47e-001  -9.0 7.42e+000    -  2.98e-002 9.80e-003h  4
 841 4.3847876e+002 1.05e-003 2.51e-001  -9.0 4.32e+000    -  3.97e-002 2.06e-002h  3
 842 4.3847800e+002 1.37e-003 2.41e-001  -9.0 2.47e+000    -  2.04e-002 2.63e-002h  2
 843 4.3847698e+002 1.85e-003 2.59e-001  -9.0 9.58e-001    -  1.20e-001 6.03e-002h  1
 844 4.3847566e+002 1.70e-003 2.37e-001  -9.0 1.56e-001    -  9.68e-002 8.80e-002f  1
 845 4.3847464e+002 1.66e-003 1.63e-001  -9.0 8.38e-001    -  9.42e-002 2.14e-002f  1
 846 4.3847471e+002 1.62e-003 1.57e-001  -9.3 1.62e+000    -  7.35e-002 2.39e-002h  2
 847 4.3847368e+002 1.49e-003 1.65e-001 -11.0 1.25e-001    -  2.08e-001 8.28e-002h  1
 848 4.3847250e+002 1.45e-003 1.74e-001  -8.8 2.70e+000    -  1.07e-001 2.57e-002h  1
 849 4.3847322e+002 1.52e-003 1.65e-001 -11.0 7.45e-001    -  5.43e-002 5.60e-002h  1
iter    objective    inf_pr   inf_du lg(mu)  ||d||  lg(rg) alpha_du alpha_pr  ls
 850 4.3847237e+002 1.47e-003 1.73e-001  -9.6 2.67e-001    -  4.57e-001 3.73e-002h  1
 851 4.3847626e+002 1.73e-003 1.61e-001  -8.1 1.19e+000    -  7.47e-002 7.27e-002h  2
 852 4.3847468e+002 1.80e-003 1.48e-001  -9.0 2.16e+000    -  7.62e-002 2.34e-002h  2
 853 4.3847184e+002 1.79e-003 1.33e-001  -9.0 6.16e+000    -  4.88e-002 1.69e-002h  1
 854 4.3847116e+002 1.78e-003 1.31e-001 -11.0 1.61e+001    -  1.41e-002 5.46e-003h  3
 855 4.3847080e+002 1.82e-003 1.58e-001 -11.0 1.28e+000    -  1.46e-001 2.22e-002h  3
 856 4.3847773e+002 2.93e-003 1.06e-001  -8.1 4.82e-001    -  5.32e-002 1.82e-001h  3
 857 4.3847566e+002 2.97e-003 8.33e-002  -9.0 9.45e-001    -  1.82e-001 3.33e-002h  4
 858 4.3858398e+002 2.67e-003 4.52e-002  -9.0 3.02e-001    -  3.81e-001 3.93e-001h  1
 859 4.3847218e+002 9.63e-004 2.05e-002  -9.0 7.30e-002    -  7.26e-001 7.62e-001f  1
iter    objective    inf_pr   inf_du lg(mu)  ||d||  lg(rg) alpha_du alpha_pr  ls
 860 4.3846441e+002 8.06e-004 1.54e-001 -11.0 5.96e-002    -  3.74e-001 1.83e-001h  1
 861 4.3846040e+002 1.52e-004 3.56e-002  -9.2 1.96e-002    -  1.00e+000 8.64e-001h  1
 862 4.3846003e+002 7.30e-006 1.83e-003  -9.3 8.52e-003    -  1.00e+000 1.00e+000h  1
 863 4.3845879e+002 7.11e-007 3.02e-003  -9.9 4.43e-003    -  1.00e+000 9.42e-001h  1
 864 4.3845853e+002 7.22e-007 1.35e-001 -10.3 7.99e-003    -  1.00e+000 4.40e-001h  1
 865 4.3845825e+002 4.32e-006 5.82e-002 -10.4 4.85e-002    -  1.00e+000 2.02e-001h  1
 866 4.3845817e+002 4.63e-006 6.51e-002 -11.0 8.57e-002    -  1.07e-001 3.32e-002h  1
 867 4.3845785e+002 1.99e-005 4.87e-002 -10.5 1.21e-001    -  6.71e-003 1.20e-001h  1
 868 4.3845769e+002 2.18e-005 1.13e-001 -10.5 1.53e-001    -  7.17e-001 5.03e-002f  1
 869 4.3845747e+002 2.39e-005 8.51e-002 -10.5 6.53e-002    -  1.21e-001 2.37e-001h  1
iter    objective    inf_pr   inf_du lg(mu)  ||d||  lg(rg) alpha_du alpha_pr  ls
 870 4.3845728e+002 2.78e-005 8.42e+002 -11.0 2.75e-001    -  5.55e-009 5.81e-002f  1
 871 4.3845712e+002 3.26e-005 8.12e+002 -10.6 4.45e-001    -  3.72e-002 3.49e-002h  1
 872 4.3845701e+002 3.17e-005 7.69e+002 -10.6 2.37e-001    -  9.93e-002 5.28e-002f  1
 873 4.3845685e+002 3.23e-005 7.51e+002 -10.6 7.02e-001    -  1.09e-009 2.45e-002f  1
In iteration 873, 1 Slack too small, adjusting variable bound
 874 4.3845660e+002 3.32e-005 7.45e+002 -10.6 3.60e+000    -  2.41e-002 8.14e-003f  1
 875 4.3845637e+002 3.36e-005 7.40e+002 -10.6 3.71e+000    -  3.29e-002 6.27e-003h  1
In iteration 875, 1 Slack too small, adjusting variable bound
 876 4.3845609e+002 3.80e-005 7.19e+002 -10.6 1.26e+000    -  2.55e-002 2.84e-002f  1
In iteration 876, 1 Slack too small, adjusting variable bound
 877 4.3845599e+002 3.80e-005 7.12e+002 -10.6 1.19e+000    -  4.14e-002 9.05e-003h  1
In iteration 877, 1 Slack too small, adjusting variable bound
 878 4.3845566e+002 4.14e-005 6.93e+002 -10.6 1.63e+000    -  3.62e-002 2.68e-002h  1
In iteration 878, 1 Slack too small, adjusting variable bound
 879 4.3845536e+002 4.20e-005 6.77e+002 -10.6 2.03e+000    -  9.29e-002 2.28e-002h  1
In iteration 879, 1 Slack too small, adjusting variable bound
iter    objective    inf_pr   inf_du lg(mu)  ||d||  lg(rg) alpha_du alpha_pr  ls
 880 4.3845522e+002 4.22e-005 6.74e+002 -10.6 4.07e+000    -  3.23e-002 4.86e-003h  1
 881 4.3845486e+002 7.02e-005 6.60e+002 -10.6 8.25e+000    -  3.24e-003 2.06e-002h  1
 882 4.3845474e+002 7.05e-005 6.58e+002 -10.7 6.55e+000    -  2.11e-002 2.77e-003h  1
 883 4.3845452e+002 7.73e-005 6.42e+002 -10.6 3.46e+000    -  1.65e-002 2.54e-002h  2
 884 4.3845445e+002 7.74e-005 6.27e+002 -10.6 2.52e+000    -  2.42e-002 2.27e-002h  2
In iteration 884, 1 Slack too small, adjusting variable bound
 885 4.3845419e+002 7.24e-005 5.26e+002 -10.6 7.40e-001    -  3.27e-001 1.62e-001h  1
In iteration 885, 1 Slack too small, adjusting variable bound
 886 4.3845387e+002 7.60e-005 5.18e+002 -10.6 6.81e+000    -  4.43e-002 1.39e-002h  1
In iteration 886, 1 Slack too small, adjusting variable bound
 887 4.3845360e+002 7.66e-005 5.14e+002 -10.6 5.85e+000    -  7.40e-003 8.35e-003h  1
In iteration 887, 1 Slack too small, adjusting variable bound
 888 4.3845355e+002 7.60e-005 5.09e+002 -10.6 1.14e-001    -  2.65e-002 8.72e-003h  1
In iteration 888, 1 Slack too small, adjusting variable bound
 889 4.3845334e+002 5.51e-005 3.69e+002 -10.6 9.93e-003    -  9.21e-002 2.75e-001h  1
In iteration 889, 1 Slack too small, adjusting variable bound
iter    objective    inf_pr   inf_du lg(mu)  ||d||  lg(rg) alpha_du alpha_pr  ls
 890 4.3845330e+002 5.06e-005 3.39e+002 -10.6 1.69e-002    -  2.95e-001 8.29e-002h  1
In iteration 890, 1 Slack too small, adjusting variable bound
 891 4.3845317e+002 4.21e-005 2.77e+002 -10.6 3.22e-002    -  1.31e-001 1.81e-001h  1
 892 4.3845343e+002 2.99e-005 1.39e+002  -9.7 7.59e-002    -  1.07e-001 5.00e-001h  1
 893 4.3845323e+002 2.34e-005 1.03e+002  -9.5 1.05e-001    -  2.54e-001 2.54e-001h  1
 894 4.3845306e+002 2.24e-005 9.83e+001  -9.7 1.66e-001    -  2.25e-001 5.05e-002h  1
In iteration 894, 1 Slack too small, adjusting variable bound
 895 4.3845317e+002 4.17e-006 1.07e+001 -10.0 2.02e-002    -  2.27e-001 8.91e-001h  1
 896 4.3845281e+002 9.63e-007 1.02e+000  -9.7 5.65e-003    -  8.22e-001 9.04e-001h  1
 897 4.3845302e+002 3.16e-006 1.12e-001  -9.3 2.14e-002    -  5.50e-001 1.00e+000h  1
 898 4.3845490e+002 2.01e-006 3.07e-002  -9.5 1.10e-001    -  2.32e-001 9.68e-001H  1
 899 4.3845452e+002 2.32e-006 2.66e-002  -9.5 2.84e-001    -  2.41e-001 5.84e-002f  4
iter    objective    inf_pr   inf_du lg(mu)  ||d||  lg(rg) alpha_du alpha_pr  ls
 900 4.3845427e+002 2.36e-006 3.49e-002  -9.5 1.51e+000    -  3.15e-002 4.94e-003h  5
 901 4.3845389e+002 2.45e-006 5.73e-002  -9.5 2.60e-001    -  7.67e-002 2.54e-002h  3
 902 4.3845334e+002 2.28e-006 1.31e-001  -9.5 4.45e-002    -  2.74e-001 1.20e-001h  2
 903 4.3845230e+002 4.56e-006 7.36e-002  -9.5 8.46e-002    -  2.96e-001 3.45e-001h  1
 904 4.3845275e+002 4.11e-006 5.00e-002  -9.0 7.42e-002    -  3.60e-001 3.25e-001f  1
 905 4.3845323e+002 1.44e-006 2.39e-003  -9.4 2.33e-002    -  9.79e-001 9.65e-001h  1
 906 4.3845228e+002 7.98e-007 7.67e-003  -9.4 1.64e-002    -  9.50e-001 1.00e+000f  1
 907 4.3845290e+002 3.65e-007 6.56e-002  -9.1 5.45e-003    -  4.28e-001 9.17e-001h  1
 908 4.3845205e+002 2.53e-007 1.03e-004 -10.0 8.02e-003    -  1.00e+000 4.90e-001h  1
 909 4.3845158e+002 2.60e-007 6.06e-005 -10.4 1.37e-002    -  1.00e+000 4.38e-001h  1

Number of Iterations....: 909

                                   (scaled)                 (unscaled)
Objective...............:  1.7330880583638733e+000   4.3845158049585444e+002
Dual infeasibility......:  6.0570054976648313e-005   1.5323535470150024e-002
Constraint violation....:  6.2127848777349979e-009   2.6016999754574499e-007
Complementarity.........:  2.6538692330157083e-010   6.7139875208854172e-008
Overall NLP error.......:  6.0570054976648313e-005   1.5323535470150024e-002


Number of objective function evaluations             = 1528
Number of objective gradient evaluations             = 910
Number of equality constraint evaluations            = 1528
Number of inequality constraint evaluations          = 1528
Number of equality constraint Jacobian evaluations   = 910
Number of inequality constraint Jacobian evaluations = 910
Number of Lagrangian Hessian evaluations             = 0
Total CPU secs in IPOPT (w/o function evaluations)   =   2543.973
Total CPU secs in NLP function evaluations           =    761.021

EXIT: Optimal Solution Found.
      solver  :   t_proc      (avg)   t_wall      (avg)    n_eval
       nlp_f  |  17.36 s ( 11.36ms)  17.36 s ( 11.36ms)      1528
       nlp_g  |  20.99 s ( 13.73ms)  20.97 s ( 13.73ms)      1528
  nlp_grad_f  |  34.45 s ( 37.81ms)  34.45 s ( 37.82ms)       911
   nlp_jac_g  | 686.88 s (753.99ms) 686.89 s (754.00ms)       911
       total  |   3.30ks (  3.30ks)   3.30ks (  3.30ks)         1
