This is Ipopt version 3.12.3, running with linear solver mumps.
NOTE: Other linear solvers might be more efficient (see Ipopt documentation).

Number of nonzeros in equality constraint Jacobian...:   673454
Number of nonzeros in inequality constraint Jacobian.:    65250
Number of nonzeros in Lagrangian Hessian.............:        0

Total number of variables............................:    74504
                     variables with only lower bounds:        0
                variables with lower and upper bounds:    74504
                     variables with only upper bounds:        0
Total number of equality constraints.................:    69504
Total number of inequality constraints...............:    28350
        inequality constraints with only lower bounds:    13800
   inequality constraints with lower and upper bounds:      750
        inequality constraints with only upper bounds:    13800

iter    objective    inf_pr   inf_du lg(mu)  ||d||  lg(rg) alpha_du alpha_pr  ls
   0 8.8846624e+003 1.13e+003 1.00e+002   0.0 0.00e+000    -  0.00e+000 0.00e+000   0
   1 5.9326678e+003 9.14e+002 5.57e+003  -0.5 2.78e+001    -  1.64e-001 1.96e-001f  1
   2 5.0409268e+003 8.19e+002 4.90e+003  -0.0 2.79e+001    -  2.19e-001 1.04e-001f  1
   3 4.7786763e+003 7.89e+002 4.70e+003  -0.1 8.49e+001    -  1.26e-001 3.72e-002f  1
   4 4.1773187e+003 7.12e+002 4.76e+003  -0.3 7.69e+001    -  1.78e-001 9.75e-002f  1
   5 4.0444223e+003 6.49e+002 1.17e+004   0.5 1.14e+002    -  2.80e-001 8.69e-002f  1
   6 4.3860362e+003 4.76e+002 5.11e+004   0.5 6.08e+001    -  4.01e-001 3.05e-001f  1
   7 4.8284517e+003 4.20e+002 5.49e+004   0.8 6.44e+001    -  1.31e-001 1.00e-001f  1
   8 4.8426203e+003 3.88e+002 5.73e+004   0.4 3.94e+001    -  1.44e-001 7.38e-002f  1
   9 4.6209266e+003 3.20e+002 5.81e+004  -0.4 2.77e+001    -  1.60e-001 1.74e-001f  1
iter    objective    inf_pr   inf_du lg(mu)  ||d||  lg(rg) alpha_du alpha_pr  ls
  10 5.6654914e+003 2.74e+002 5.65e+004   1.1 1.08e+002    -  2.58e-001 7.33e-002f  1
  11 7.0889841e+003 1.82e+002 1.47e+005   1.2 7.67e+001    -  4.72e-001 1.29e-001f  1
  12 9.4895369e+003 1.93e+002 4.45e+005   1.4 4.12e+001    -  2.27e-001 3.41e-001f  1
  13 9.6539792e+003 1.69e+002 5.57e+005   1.6 5.24e+001    -  5.90e-002 1.32e-001f  1
  14 9.7277441e+003 1.66e+002 5.69e+005   2.3 6.62e+001    -  1.00e+000 1.95e-002f  1
  15 9.8648735e+003 1.52e+002 7.51e+005   3.2 6.58e+001    -  6.37e-001 8.19e-002f  2
  16 1.0084737e+004 1.18e+002 7.52e+006   3.7 1.78e+001    -  8.26e-002 2.52e-001h  1
  17 1.0075453e+004 6.94e+001 1.49e+007   3.7 1.40e+001    -  2.70e-001 4.88e-001h  1
  18 1.0215732e+004 3.45e+001 7.93e+006   2.6 8.57e+000    -  4.59e-001 5.44e-001h  1
  19 1.0390189e+004 4.44e+000 6.16e+005   1.7 4.20e+000    -  7.10e-001 1.00e+000h  1
iter    objective    inf_pr   inf_du lg(mu)  ||d||  lg(rg) alpha_du alpha_pr  ls
  20 1.0378660e+004 1.45e-002 1.48e+004   0.6 9.27e-002    -  9.70e-001 1.00e+000h  1
  21 1.0316057e+004 1.75e-004 5.28e+002  -4.7 7.70e-002    -  9.72e-001 1.00e+000f  1
  22 9.7310126e+003 8.56e-002 6.11e+001  -1.7 1.23e+000    -  8.79e-001 1.00e+000f  1
  23 9.1920288e+003 4.16e-001 1.30e+002  -1.7 2.58e+000    -  9.98e-001 1.00e+000f  1
  24 7.9655064e+003 4.12e+000 4.11e+001  -3.3 9.30e+000    -  5.95e-001 1.00e+000f  1
  25 8.1388043e+003 4.92e+000 2.86e+002  -2.0 2.54e+001    -  7.39e-001 1.00e+000H  1
  26 6.3880497e+003 4.21e+000 3.26e+001  -2.1 1.04e+001    -  1.00e+000 1.00e+000f  1
  27 5.8858284e+003 1.94e+000 1.31e+001  -2.6 5.12e+000    -  1.00e+000 1.00e+000f  1
  28 5.1375706e+003 4.21e+000 1.54e+001  -3.1 7.61e+000    -  1.00e+000 1.00e+000f  1
  29 4.8165573e+003 6.60e+000 1.44e+001  -2.8 1.16e+001    -  1.00e+000 5.47e-001h  1
iter    objective    inf_pr   inf_du lg(mu)  ||d||  lg(rg) alpha_du alpha_pr  ls
  30 6.3395608e+003 3.85e+001 1.41e+001  -2.2 2.01e+001    -  1.00e+000 9.76e-001f  1
  31 1.7933265e+004 1.24e+001 1.67e+002  -2.3 1.85e+001    -  6.99e-001 9.85e-001h  1
  32 5.0064376e+003 2.72e+000 7.42e+001  -2.3 1.18e+001    -  1.18e-001 1.00e+000f  1
  33 5.1085403e+003 8.36e-001 1.03e+001  -2.3 2.21e+000    -  1.00e+000 1.00e+000h  1
  34 4.3341774e+003 6.60e+000 9.32e+000  -2.7 7.28e+000    -  1.00e+000 1.00e+000h  1
  35 7.6406938e+003 1.06e+001 3.26e+001  -2.7 1.98e+001    -  1.00e+000 1.00e+000H  1
  36 3.6205190e+003 4.15e+000 9.90e+000  -2.8 9.33e+000    -  3.26e-001 1.00e+000f  1
  37 3.2606680e+003 1.44e+000 4.39e+000  -3.3 5.34e+000    -  1.00e+000 1.00e+000h  1
  38 2.9858248e+003 3.61e+000 2.53e+000  -3.7 6.80e+000    -  1.00e+000 6.56e-001h  1
  39 3.3200084e+003 2.56e+000 6.53e+000  -3.2 2.55e+001    -  1.00e+000 7.45e-001H  1
iter    objective    inf_pr   inf_du lg(mu)  ||d||  lg(rg) alpha_du alpha_pr  ls
  40 2.9288490e+003 1.07e-001 5.35e+000  -3.3 2.93e+000    -  1.00e+000 1.00e+000f  1
  41 2.6753419e+003 1.94e+000 2.60e+000  -4.4 5.28e+000    -  5.28e-001 6.31e-001f  1
  42 2.5606172e+003 2.94e+000 5.94e+000  -4.1 1.31e+001    -  5.91e-001 3.53e-001h  1
  43 2.4266031e+003 3.69e+000 8.60e+000  -3.5 2.44e+001    -  4.61e-001 1.97e-001h  1
  44 2.4334870e+003 1.19e+001 1.45e+001  -3.3 2.88e+001    -  2.79e-001 2.68e-001h  2
  45 2.3540607e+003 1.06e+001 1.48e+001  -3.6 7.48e+000    -  9.09e-001 1.21e-001h  1
  46 2.1773981e+003 7.16e+000 1.94e+001  -3.6 9.76e+000    -  7.11e-001 4.86e-001h  1
  47 2.0081543e+003 5.79e+000 1.27e+001  -9.6 1.22e+001    -  3.47e-001 3.40e-001h  1
  48 1.9775137e+003 4.93e+000 1.02e+001  -3.8 9.18e+000    -  6.50e-001 4.25e-001h  1
  49 1.8229237e+003 3.70e+000 8.11e+000  -3.8 6.19e+000    -  2.42e-001 4.66e-001h  1
iter    objective    inf_pr   inf_du lg(mu)  ||d||  lg(rg) alpha_du alpha_pr  ls
  50 1.7353093e+003 3.35e+000 5.53e+000  -9.8 6.73e+000    -  1.67e-001 3.36e-001h  1
  51 1.6930773e+003 3.32e+000 5.42e+000  -5.5 1.81e+001    -  1.44e-001 4.81e-002h  1
  52 1.6343433e+003 3.97e+000 6.51e+000  -4.9 1.79e+001    -  2.80e-001 1.88e-001h  1
  53 1.5558004e+003 5.08e+000 9.61e+000  -4.3 1.65e+001    -  1.87e-001 2.41e-001h  1
  54 1.4712018e+003 6.36e+000 8.50e+000 -10.1 3.05e+001    -  1.50e-001 1.29e-001h  1
  55 1.3877122e+003 7.18e+000 7.35e+000  -4.2 3.94e+001    -  1.70e-001 7.90e-002h  1
  56 1.4590327e+003 7.38e+000 5.84e+000  -3.9 2.21e+001    -  1.49e-001 2.34e-001h  1
  57 1.3575469e+003 4.00e+000 3.65e+000  -4.1 2.25e+000    -  5.05e-001 4.82e-001h  1
  58 1.2942032e+003 2.58e+000 3.13e+000  -4.1 3.40e+000    -  7.07e-001 6.03e-001h  1
  59 1.2511053e+003 3.07e+000 4.92e+000  -4.2 9.79e+000    -  7.47e-001 2.56e-001h  1
iter    objective    inf_pr   inf_du lg(mu)  ||d||  lg(rg) alpha_du alpha_pr  ls
  60 1.2121842e+003 3.96e+000 6.98e+000  -5.1 1.50e+001    -  3.67e-001 1.91e-001h  1
  61 1.2024760e+003 4.87e+000 9.64e+000  -4.1 1.32e+001    -  5.26e-001 2.39e-001h  2
  62 1.1680341e+003 5.71e+000 8.65e+000  -4.3 9.12e+000    -  4.34e-001 4.58e-001h  1
  63 1.1281799e+003 8.89e+000 9.94e+000  -4.2 1.80e+001    -  4.28e-001 2.46e-001h  1
  64 1.2774226e+003 7.80e+000 1.21e+001  -3.9 1.23e+001    -  3.62e-001 4.43e-001h  1
  65 1.1288505e+003 5.53e-001 2.99e+000  -4.2 2.27e+000    -  1.00e+000 1.00e+000h  1
  66 1.1389402e+003 1.29e+000 1.01e+000  -3.7 3.40e+000    -  1.00e+000 6.94e-001h  1
  67 1.2336751e+003 1.13e+000 1.20e+000  -3.8 9.48e+000    -  3.41e-001 2.48e-001h  2
  68 1.1761808e+003 2.33e-001 8.02e-001  -3.8 1.54e+000    -  1.00e+000 1.00e+000h  1
  69 1.1144910e+003 2.55e+000 1.30e+000  -4.3 3.95e+000    -  1.00e+000 8.36e-001h  1
iter    objective    inf_pr   inf_du lg(mu)  ||d||  lg(rg) alpha_du alpha_pr  ls
  70 1.0971567e+003 2.74e+000 2.97e+000  -4.0 1.40e+001    -  7.83e-001 1.94e-001h  3
  71 1.2067555e+003 7.31e+000 6.83e+000  -4.1 1.92e+001    -  3.98e-001 5.87e-001H  1
  72 1.1611836e+003 2.13e+000 5.63e+000  -4.2 3.68e+000    -  3.48e-001 6.95e-001h  1
  73 1.0511891e+003 6.43e-001 2.78e+000  -4.2 2.46e+000    -  5.85e-001 7.78e-001f  1
  74 9.7921884e+002 1.68e-001 1.08e+000  -4.2 1.33e+000    -  1.00e+000 8.55e-001h  1
  75 9.6030420e+002 2.34e-001 7.04e-001  -4.6 1.66e+000    -  1.00e+000 5.19e-001h  1
  76 9.7429515e+002 1.07e+000 1.61e+000  -4.1 1.41e+001    -  4.92e-001 1.86e-001h  1
  77 9.4926285e+002 8.78e-001 1.96e+000  -4.4 3.65e+000    -  9.23e-001 2.61e-001h  1
  78 9.4860911e+002 8.77e-001 1.98e+000 -10.4 1.33e+001    -  7.59e-003 1.49e-003h  1
  79 9.1565291e+002 9.59e-001 2.41e+000  -6.5 7.81e+000    -  4.13e-002 1.95e-001h  1
iter    objective    inf_pr   inf_du lg(mu)  ||d||  lg(rg) alpha_du alpha_pr  ls
  80 9.1438500e+002 9.56e-001 2.45e+000 -10.4 2.17e+001    -  2.12e-002 2.68e-003h  1
  81 8.9344028e+002 2.84e+000 4.93e+000  -6.5 2.34e+001    -  2.48e-001 1.33e-001h  2
  82 8.6851429e+002 3.92e+000 5.18e+000  -6.1 1.71e+001    -  2.50e-001 1.41e-001h  2
  83 8.6262830e+002 3.86e+000 5.20e+000  -6.3 1.48e+001    -  2.80e-001 1.64e-002h  1
  84 8.2458443e+002 7.25e+000 5.65e+000  -5.2 3.09e+001    -  1.44e-001 1.17e-001h  1
  85 7.9029582e+002 7.63e+000 5.77e+000  -5.4 2.49e+001    -  6.21e-002 1.21e-001h  1
  86 7.7995815e+002 7.40e+000 5.66e+000  -5.1 1.23e+001    -  1.55e-001 3.27e-002h  1
  87 7.5860609e+002 5.48e+000 4.36e+000  -5.0 6.12e+000    -  1.44e-001 3.33e-001h  1
  88 7.4007822e+002 4.99e+000 4.43e+000  -4.9 9.53e+000    -  2.43e-001 1.04e-001h  1
  89 7.3786213e+002 4.23e+000 4.05e+000  -4.6 8.87e+000    -  4.05e-001 1.71e-001h  1
iter    objective    inf_pr   inf_du lg(mu)  ||d||  lg(rg) alpha_du alpha_pr  ls
  90 7.3359151e+002 9.79e-001 9.24e-001  -4.5 1.73e+000    -  5.15e-001 8.00e-001h  1
  91 7.5206725e+002 5.46e-001 9.78e-001  -4.6 1.86e+000    -  8.99e-001 1.00e+000h  1
  92 7.1987845e+002 2.40e-001 1.22e+000  -4.7 1.55e+000    -  1.00e+000 9.41e-001h  1
  93 7.6875900e+002 1.27e-001 7.18e-001  -4.5 1.23e+000    -  7.48e-001 1.00e+000h  1
  94 7.0845691e+002 4.22e-002 3.74e-001  -4.7 7.67e-001    -  1.00e+000 1.00e+000h  1
  95 7.0222542e+002 6.67e-002 2.86e-001  -5.4 1.08e+000    -  1.00e+000 5.49e-001h  1
  96 7.0020624e+002 4.26e-001 9.93e-001  -4.6 3.14e+001    -  7.38e-001 7.87e-002h  3
  97 7.0926169e+002 2.72e+000 2.70e+000  -4.5 1.91e+001    -  7.26e-001 3.70e-001h  2
  98 6.9571562e+002 7.43e+000 4.94e+000  -4.6 1.60e+001    -  2.67e-001 6.32e-001h  1
  99 6.9466731e+002 7.36e+000 5.70e+000  -4.3 3.04e+001    -  2.30e-001 9.20e-002h  2
iter    objective    inf_pr   inf_du lg(mu)  ||d||  lg(rg) alpha_du alpha_pr  ls
 100 6.7185032e+002 4.47e+000 3.91e+000  -5.0 3.82e+000    -  4.12e-001 3.80e-001h  1
 101 8.0442636e+002 2.49e+000 2.17e+000  -4.6 8.82e+000    -  2.99e-001 5.46e-001H  1
 102 6.5626184e+002 6.89e-001 2.07e+000  -4.7 2.00e+000    -  8.37e-001 1.00e+000h  1
 103 6.5150824e+002 6.69e-002 7.19e-001  -4.8 7.53e-001    -  1.00e+000 9.99e-001h  1
 104 6.5554582e+002 1.67e+000 1.66e+000  -4.6 3.94e+000    -  7.17e-001 7.27e-001h  1
 105 6.3867983e+002 7.39e+000 2.77e+000  -4.7 1.88e+001    -  1.78e-001 3.58e-001h  1
 106 6.6982504e+002 6.24e+000 3.08e+000  -4.0 3.98e+001    -  1.38e-001 1.22e-001f  1
 107 6.6482925e+002 6.08e+000 3.34e+000  -4.6 4.80e+001    -  1.61e-001 9.13e-002h  3
 108 6.7373604e+002 1.81e+000 2.07e+000  -4.6 1.61e+001    -  5.64e-001 8.61e-001H  1
 109 7.0918935e+002 4.64e-001 1.51e+000  -4.6 7.03e+000    -  7.54e-001 8.12e-001h  1
iter    objective    inf_pr   inf_du lg(mu)  ||d||  lg(rg) alpha_du alpha_pr  ls
 110 6.3313712e+002 6.53e-001 1.29e+000  -4.6 6.05e+000    -  5.95e-001 6.55e-001f  1
 111 6.2693444e+002 3.26e-001 5.27e-001  -4.8 1.88e+000    -  8.00e-001 5.26e-001h  1
 112 5.9754201e+002 3.34e-001 2.03e-001  -4.8 1.67e+000    -  1.00e+000 9.81e-001h  1
 113 6.1996590e+002 2.67e-001 5.06e-001  -4.8 3.72e+000    -  8.16e-001 5.87e-001H  1
 114 5.8085657e+002 3.31e-002 3.39e-001  -5.1 9.42e-001    -  1.00e+000 9.74e-001h  1
 115 5.7144781e+002 4.78e-002 3.32e-001  -5.3 7.66e-001    -  1.00e+000 5.71e-001h  1
 116 5.8016349e+002 7.29e-002 2.45e-001  -4.8 9.10e-001    -  7.00e-001 1.00e+000h  1
 117 5.6917789e+002 9.55e-002 1.27e-001  -5.0 1.17e+000    -  6.89e-001 9.62e-001h  1
 118 5.6819376e+002 9.79e-002 6.46e-001  -5.0 2.42e+000    -  3.60e-001 2.48e-001h  3
 119 5.6578613e+002 7.83e-002 1.35e+000  -5.0 1.37e+000    -  1.00e+000 5.14e-001h  1
iter    objective    inf_pr   inf_du lg(mu)  ||d||  lg(rg) alpha_du alpha_pr  ls
 120 5.5804009e+002 1.11e+000 2.41e-001  -5.2 3.06e+000    -  1.00e+000 9.75e-001h  1
 121 5.5677360e+002 1.08e+000 8.23e-001  -5.4 7.29e+000    -  6.46e-001 1.96e-001H  1
 122 5.5297180e+002 9.47e-001 3.55e+000  -5.5 2.81e+000    -  9.75e-001 1.40e-001h  1
 123 5.4044817e+002 1.10e+000 2.84e+000  -5.5 9.60e+000    -  2.90e-001 2.04e-001h  1
 124 5.3699276e+002 1.08e+000 2.60e+000  -5.2 1.14e+001    -  3.20e-001 5.67e-002h  3
 125 5.3369754e+002 7.79e-001 1.01e+000  -5.1 3.45e+000    -  6.80e-001 6.14e-001h  1
 126 5.3174834e+002 7.86e-001 9.25e-001  -5.2 9.13e+000    -  4.52e-001 1.04e-001h  2
 127 5.2732537e+002 8.67e-001 7.31e-001  -5.2 7.71e+000    -  9.80e-001 1.62e-001h  1
 128 5.2759589e+002 1.05e+000 8.25e-001  -4.7 1.74e+001    -  2.91e-001 1.24e-001h  2
 129 5.2075144e+002 1.41e+000 1.10e+000  -5.1 1.64e+001    -  3.55e-001 1.38e-001h  1
iter    objective    inf_pr   inf_du lg(mu)  ||d||  lg(rg) alpha_du alpha_pr  ls
 130 5.2243668e+002 1.40e+000 1.26e+000  -4.8 2.08e+001    -  3.62e-001 6.02e-002h  3
 131 5.1878522e+002 9.88e-001 8.87e-001  -5.0 3.38e+000    -  8.84e-001 4.10e-001h  1
 132 5.2273601e+002 4.33e+000 1.84e+000  -4.7 1.20e+001    -  3.95e-001 2.90e-001h  1
 133 5.3380132e+002 2.16e+000 1.93e+000  -5.0 4.70e+000    -  5.20e-001 4.82e-001h  1
 134 5.1555908e+002 2.24e-001 3.61e-001  -5.0 1.26e+000    -  7.73e-001 9.50e-001h  1
 135 5.1082249e+002 4.81e-002 1.24e-001  -5.0 5.00e-001    -  1.00e+000 7.95e-001f  1
 136 5.0774090e+002 3.41e-002 8.37e-002  -5.5 5.03e-001    -  1.00e+000 9.24e-001h  1
 137 5.0488902e+002 8.55e-002 6.98e-001  -5.7 3.00e+000    -  1.00e+000 2.59e-001h  1
 138 5.0087194e+002 3.78e-001 4.46e-001  -5.3 8.91e+000    -  5.02e-001 2.44e-001h  1
 139 5.3192505e+002 1.92e-001 7.91e-001  -5.5 9.23e-001  -4.0 8.63e-001 6.34e-001h  1
iter    objective    inf_pr   inf_du lg(mu)  ||d||  lg(rg) alpha_du alpha_pr  ls
 140 5.2095053e+002 1.67e-001 6.58e-001  -5.6 2.91e+000    -  3.68e-001 1.58e-001h  1
 141 5.0833415e+002 2.27e-001 5.12e-001  -5.6 6.49e+000    -  2.70e-001 2.04e-001f  1
 142 5.0594945e+002 2.28e-001 5.01e-001  -5.6 2.72e+001    -  8.89e-002 8.35e-003h  1
 143 5.1984180e+002 1.62e-001 4.45e-001  -5.6 1.41e+000  -4.5 2.87e-001 4.62e-001h  1
 144 5.1499180e+002 1.53e-001 4.11e-001  -5.6 3.57e+000    -  3.28e-001 7.31e-002h  1
 145 4.9525891e+002 2.81e-001 3.22e-001  -5.6 4.56e+000    -  8.70e-002 4.28e-001f  1
 146 4.8592496e+002 3.13e-001 3.59e-001 -11.0 1.47e+001    -  1.25e-001 6.34e-002h  1
 147 4.8426480e+002 2.84e-001 1.26e+000  -5.6 3.03e+000    -  1.00e+000 1.18e-001h  1
 148 4.8078896e+002 3.72e-001 1.59e+000  -5.6 8.81e+000    -  2.07e-001 1.50e-001h  1
 149 4.8227335e+002 8.07e-001 8.34e-001  -5.0 1.42e+001    -  2.55e-001 1.40e-001h  1
iter    objective    inf_pr   inf_du lg(mu)  ||d||  lg(rg) alpha_du alpha_pr  ls
 150 4.8095139e+002 7.43e-001 1.51e+000  -5.4 4.70e+000    -  6.62e-001 9.79e-002h  1
 151 4.7845308e+002 5.86e-001 9.89e-001  -5.4 4.08e+000    -  7.64e-001 3.83e-001h  1
 152 4.7543748e+002 5.94e-001 8.14e-001  -5.4 8.32e+000    -  2.56e-001 2.35e-001h  1
 153 4.9276314e+002 5.50e-001 8.30e-001  -5.2 5.63e+000    -  6.66e-001 4.58e-001h  1
 154 4.8173613e+002 1.42e-001 5.51e-001  -5.3 8.76e-001    -  6.87e-001 7.98e-001h  1
 155 4.7204392e+002 7.02e-002 2.55e-001  -5.4 7.89e-001    -  8.93e-001 5.23e-001f  1
 156 4.6887595e+002 1.92e-002 1.59e-001  -5.5 4.81e-001    -  1.00e+000 9.93e-001h  1
 157 4.6711194e+002 6.78e-002 3.23e-001  -6.0 2.36e+000    -  8.89e-001 3.96e-001h  1
 158 4.6509831e+002 2.35e-001 5.77e-001  -5.6 1.03e+001    -  8.36e-001 1.86e-001h  1
 159 4.6330078e+002 4.71e-001 7.52e-001  -5.4 3.62e+001    -  1.40e-001 7.24e-002h  1
iter    objective    inf_pr   inf_du lg(mu)  ||d||  lg(rg) alpha_du alpha_pr  ls
 160 4.6740494e+002 1.02e+000 9.41e-001  -5.0 3.32e+001    -  2.01e-001 1.57e-001h  1
 161 4.6457673e+002 1.11e+000 8.82e-001  -5.5 2.59e+001    -  3.36e-001 9.34e-002h  1
 162 4.6420283e+002 1.27e+000 9.64e-001  -5.5 5.60e+001    -  1.47e-001 4.97e-002h  1
 163 4.6220921e+002 9.32e-001 6.65e-001  -5.5 3.15e+000    -  5.81e-001 3.40e-001h  1
 164 4.5956470e+002 8.54e-001 6.74e-001  -5.4 5.06e+000    -  6.39e-001 1.10e-001h  1
 165 4.6952089e+002 8.77e-001 6.86e-001  -5.4 3.97e+000    -  3.84e-001 3.91e-001h  1
 166 4.6182552e+002 3.30e-002 2.05e-001  -5.5 5.05e-001    -  9.94e-001 1.00e+000h  1
 167 4.6008508e+002 2.98e-002 2.31e-001 -11.0 1.50e+000    -  4.46e-001 1.05e-001h  1
 168 4.5543345e+002 2.86e-002 3.63e-001  -6.4 2.08e+000    -  6.96e-001 2.89e-001h  1
 169 4.5284923e+002 1.47e-001 4.78e-001  -5.7 5.72e+000    -  7.65e-001 1.47e-001h  1
iter    objective    inf_pr   inf_du lg(mu)  ||d||  lg(rg) alpha_du alpha_pr  ls
 170 4.5072958e+002 1.74e-001 2.14e-001  -6.0 1.60e+000    -  1.00e+000 4.66e-001h  1
 171 4.4889320e+002 1.90e-001 2.94e-001  -6.8 3.10e+000    -  4.66e-001 1.65e-001h  1
 172 4.4804553e+002 1.72e-001 2.62e-001  -6.2 2.05e+000    -  5.46e-001 4.26e-001h  1
 173 4.4897427e+002 2.14e-002 1.32e-001  -5.9 5.10e-001    -  5.37e-001 1.00e+000h  1
 174 4.4616775e+002 1.21e-002 7.88e-002  -6.0 3.57e-001    -  1.00e+000 9.31e-001h  1
 175 4.4577663e+002 1.12e-002 9.33e-002  -6.0 5.78e-001    -  1.00e+000 2.93e-001h  1
 176 4.4620413e+002 1.57e-001 1.22e-001  -5.5 8.23e+000    -  2.31e-001 1.60e-001h  1
 177 4.4530622e+002 2.14e-001 1.49e-001  -5.9 6.31e+000    -  4.55e-001 1.25e-001h  1
 178 4.4442007e+002 4.21e-001 2.10e-001  -5.6 1.78e+001    -  2.90e-001 8.54e-002f  1
 179 4.4368932e+002 5.54e-001 1.66e-001  -5.8 1.52e+001    -  4.07e-001 8.94e-002h  2
iter    objective    inf_pr   inf_du lg(mu)  ||d||  lg(rg) alpha_du alpha_pr  ls
 180 4.4313922e+002 5.43e-001 1.46e-001  -6.3 7.41e+000    -  4.15e-001 6.88e-002h  3
 181 4.4253670e+002 7.10e-001 1.71e-001  -5.7 9.21e+000    -  4.31e-001 1.95e-001h  1
 182 4.4681750e+002 6.17e-001 1.90e-001  -5.8 3.58e+000    -  5.48e-001 4.44e-001H  1
 183 4.4552237e+002 5.65e-001 3.13e+000  -5.9 2.30e+000    -  4.95e-001 9.40e-002h  1
 184 4.4511237e+002 5.58e-001 2.40e+000  -5.9 2.02e+000    -  2.57e-001 1.24e-002h  1
 185 4.4355295e+002 4.85e-001 2.37e-001  -5.9 1.69e+000    -  3.23e-001 1.47e-001f  1
 186 4.4547303e+002 4.96e-001 2.48e-001  -6.1 4.03e+000    -  3.34e-001 3.32e-001H  1
 187 4.4275640e+002 4.13e-001 1.18e+000  -6.0 1.46e+000    -  8.34e-001 1.91e-001h  1
 188 4.4028119e+002 3.22e-001 1.07e+000  -6.0 1.14e+000    -  5.36e-001 2.50e-001f  1
 189 4.3799231e+002 1.53e-001 6.77e-001  -6.0 8.60e-001    -  1.00e+000 6.86e-001h  1
iter    objective    inf_pr   inf_du lg(mu)  ||d||  lg(rg) alpha_du alpha_pr  ls
 190 4.3784748e+002 1.03e-001 3.14e-001  -6.1 8.59e-001    -  6.75e-001 5.82e-001h  1
 191 4.3700704e+002 7.80e-002 7.02e-002  -6.1 7.07e-001    -  7.28e-001 9.62e-001h  1
 192 4.3659601e+002 1.11e-001 2.85e-001  -5.8 2.54e+000    -  5.91e-001 2.16e-001h  1
 193 4.3696767e+002 1.07e-001 1.55e-001  -5.9 1.57e+000    -  5.75e-001 4.67e-001H  1
 194 4.3669508e+002 9.66e-002 1.32e-001  -5.9 1.07e+000    -  1.00e+000 1.22e-001h  1
 195 4.3770470e+002 3.82e-001 2.16e-001  -5.6 3.76e+000    -  2.70e-001 3.65e-001h  1
 196 4.3674423e+002 3.24e-001 1.13e-001  -5.9 1.80e+000    -  6.11e-001 2.29e-001h  1
 197 4.3536591e+002 2.38e-001 7.48e-002  -5.9 1.32e+000    -  5.21e-001 5.17e-001h  1
 198 4.3497963e+002 1.88e-001 7.19e-002  -5.9 1.24e+000    -  5.10e-001 3.12e-001f  1
 199 4.3444921e+002 6.07e-002 5.82e-002  -6.0 5.90e-001    -  1.00e+000 9.78e-001h  1
iter    objective    inf_pr   inf_du lg(mu)  ||d||  lg(rg) alpha_du alpha_pr  ls
 200 4.3393133e+002 9.94e-002 1.08e-001  -6.0 1.48e+000    -  9.50e-001 4.16e-001h  1
 201 4.3382253e+002 2.07e-001 9.78e-002  -5.8 5.22e+000    -  3.93e-001 1.66e-001h  1
 202 4.3355807e+002 2.73e-001 1.31e-001  -6.0 4.74e+000    -  7.11e-001 1.54e-001h  1
 203 4.3330397e+002 2.71e-001 1.43e-001  -6.2 3.86e+000    -  5.65e-001 6.26e-002h  1
 204 4.3282753e+002 8.63e-001 2.24e-001  -6.1 4.18e+000    -  5.76e-001 3.94e-001h  1
 205 4.3327469e+002 1.10e+000 3.42e-001  -5.4 9.38e+000    -  1.79e-001 1.10e-001h  1
 206 4.3281236e+002 1.10e+000 3.80e-001  -5.9 8.11e+000    -  8.86e-002 4.31e-002h  1
 207 4.3303839e+002 1.14e+000 3.85e-001  -5.6 9.81e+000    -  3.08e-001 7.04e-002f  3
 208 4.3233191e+002 1.16e+000 4.03e-001  -5.8 7.86e+000    -  2.47e-001 8.25e-002h  1
 209 4.3424633e+002 2.26e+000 4.60e-001  -5.1 2.63e+001    -  1.75e-001 8.52e-002f  1
iter    objective    inf_pr   inf_du lg(mu)  ||d||  lg(rg) alpha_du alpha_pr  ls
 210 4.3731386e+002 2.15e+000 4.09e-001  -5.7 5.77e+000    -  5.54e-001 2.92e-001H  1
 211 4.3490117e+002 1.93e+000 4.08e-001  -5.7 4.41e+000    -  6.06e-001 1.61e-001h  1
 212 4.3228090e+002 2.08e+000 4.56e-001  -5.7 1.09e+001    -  1.83e-001 1.10e-001h  2
 213 4.3841202e+002 1.70e+000 2.35e-001  -5.4 3.12e+000    -  5.46e-001 6.99e-001h  1
 214 4.3516040e+002 1.05e+000 1.94e-001  -5.6 9.56e-001    -  9.30e-001 4.09e-001h  1
 215 4.3292983e+002 7.91e-001 1.50e-001  -5.6 3.11e-001    -  9.90e-001 2.49e-001h  1
 216 4.3030021e+002 8.54e-002 3.91e-002  -5.6 2.35e-001    -  1.00e+000 9.03e-001f  1
 217 4.2966713e+002 2.19e-002 4.06e-002  -5.8 2.35e-001    -  1.00e+000 9.02e-001h  1
 218 4.2904081e+002 1.69e-002 5.92e-001  -6.4 2.92e-001    -  1.00e+000 3.18e-001h  1
 219 4.2798686e+002 7.24e-002 2.50e-001  -6.0 3.06e+000    -  9.15e-001 1.67e-001h  1
iter    objective    inf_pr   inf_du lg(mu)  ||d||  lg(rg) alpha_du alpha_pr  ls
 220 4.2755058e+002 4.44e-001 3.31e-001  -5.7 6.35e+000    -  5.53e-001 2.39e-001h  1
 221 4.2724713e+002 4.45e-001 2.44e-001  -5.9 6.45e+000    -  6.17e-001 7.17e-002h  3
 222 4.2670116e+002 6.41e-001 2.70e-001  -5.8 2.70e+000    -  1.00e+000 5.50e-001h  1
 223 4.2725868e+002 1.16e+000 4.16e-001  -5.5 1.02e+001    -  3.56e-001 1.77e-001h  1
 224 4.2676603e+002 1.13e+000 4.69e-001  -5.8 6.96e+000    -  4.72e-001 1.12e-001h  2
 225 4.4600571e+002 6.11e-001 5.06e-001  -5.8 1.62e+000    -  9.70e-001 1.00e+000h  1
 226 4.2536929e+002 8.36e-001 6.94e-002  -5.8 1.98e+000    -  1.64e-001 1.00e+000h  1
 227 4.2578881e+002 4.38e-001 8.32e-002  -5.8 1.25e+000    -  1.00e+000 6.45e-001h  1
 228 4.2510791e+002 2.46e-001 4.71e-002  -5.8 9.51e-001    -  1.00e+000 6.56e-001h  1
 229 4.2501323e+002 3.14e-001 1.58e-001  -5.5 3.68e+000    -  5.84e-001 1.83e-001h  2
iter    objective    inf_pr   inf_du lg(mu)  ||d||  lg(rg) alpha_du alpha_pr  ls
 230 4.2507802e+002 3.02e-001 1.20e-001  -5.6 2.32e+000    -  8.85e-001 2.18e-001h  2
 231 4.2765442e+002 1.38e-002 2.11e-001  -5.6 1.85e+000    -  8.64e-001 1.00e+000H  1
 232 4.2672550e+002 1.84e-001 2.89e-001  -5.6 2.37e+000    -  6.54e-001 5.14e-001h  1
 233 4.2500816e+002 1.41e-001 2.57e-001  -5.7 1.24e+000    -  3.80e-001 2.68e-001h  1
 234 4.2397988e+002 7.97e-002 2.31e-001  -6.1 2.42e-001    -  1.00e+000 4.40e-001h  1
 235 4.2372178e+002 6.12e-002 1.78e-001  -5.8 4.80e-001    -  1.00e+000 2.76e-001h  1
 236 4.2381278e+002 1.06e-001 1.80e-001  -5.6 3.28e+000    -  6.37e-001 2.17e-001h  2
 237 4.2373845e+002 2.87e-001 9.13e-002  -5.7 4.76e+000    -  4.86e-001 3.01e-001h  1
 238 4.2340230e+002 3.69e-001 1.19e-001  -5.7 1.00e+001    -  3.83e-001 1.09e-001h  2
 239 4.2348472e+002 4.30e-001 1.46e-001  -5.4 1.29e+001    -  2.70e-001 9.89e-002h  2
iter    objective    inf_pr   inf_du lg(mu)  ||d||  lg(rg) alpha_du alpha_pr  ls
 240 4.2338678e+002 3.92e-001 1.44e-001  -5.7 6.07e+000    -  3.05e-001 1.19e-001h  3
 241 4.2223591e+002 2.73e-001 1.78e-001  -7.2 7.31e-001    -  5.67e-001 3.11e-001h  1
 242 4.2106148e+002 2.20e-001 2.83e-001  -6.9 1.76e+000    -  5.92e-001 2.81e-001h  1
 243 4.2089041e+002 2.37e-001 2.86e-001  -5.8 4.79e+000    -  6.24e-001 1.56e-001h  1
 244 4.2070128e+002 2.28e-001 2.00e-001  -5.9 3.79e+000    -  4.77e-001 1.62e-001h  3
 245 4.2035609e+002 3.80e-001 1.64e-001  -5.9 2.84e+000    -  9.55e-001 6.55e-001h  1
 246 4.2024766e+002 3.76e-001 1.98e+000  -5.6 8.94e+000    -  3.50e-001 1.57e-002h  1
 247 4.2123425e+002 4.92e-001 1.80e+000  -5.5 8.93e+000    -  2.78e-001 1.61e-001h  1
 248 4.2165642e+002 2.18e-001 8.62e-001  -5.8 1.73e+000    -  5.29e-001 6.95e-001h  1
 249 4.2282196e+002 7.16e-002 1.34e-001  -5.8 1.72e+000    -  5.49e-001 8.60e-001h  1
iter    objective    inf_pr   inf_du lg(mu)  ||d||  lg(rg) alpha_du alpha_pr  ls
 250 4.2093008e+002 4.86e-002 1.33e+000  -5.8 1.39e+000    -  7.00e-001 3.38e-001f  1
 251 4.1913746e+002 1.30e-002 3.99e-002  -6.0 1.07e+000    -  1.00e+000 9.48e-001h  1
 252 4.1887109e+002 3.58e-003 5.03e-002  -6.0 2.27e-001    -  1.00e+000 7.46e-001h  1
 253 4.1858207e+002 2.16e-003 5.34e-001  -6.3 1.53e-001    -  1.00e+000 5.08e-001h  1
 254 4.1816938e+002 9.36e-003 1.02e-001  -6.0 6.77e-001    -  1.00e+000 9.54e-001h  1
 255 4.1919947e+002 4.20e-004 7.63e-002  -6.0 8.99e-001    -  1.00e+000 9.81e-001H  1
 256 4.1729102e+002 1.16e-003 2.28e-001  -6.4 6.58e-001    -  1.00e+000 7.86e-001h  1
 257 4.1674212e+002 1.05e-003 7.95e-002  -6.8 3.47e-001    -  1.00e+000 5.50e-001h  1
 258 4.1663953e+002 1.31e-003 7.71e-001  -6.4 7.66e-001    -  5.89e-001 1.60e-001h  1
 259 4.1664876e+002 5.80e-003 5.99e-001  -6.0 1.70e+000    -  2.18e-001 2.20e-001h  1
iter    objective    inf_pr   inf_du lg(mu)  ||d||  lg(rg) alpha_du alpha_pr  ls
 260 4.1638656e+002 1.28e-002 4.69e-001  -6.4 2.92e+000    -  2.01e-001 2.29e-001h  1
 261 4.1675295e+002 2.50e-002 4.07e-001  -5.8 4.81e+000    -  1.64e-001 1.41e-001f  1
 262 4.1650532e+002 2.50e-002 3.61e-001  -6.3 3.33e+000    -  1.28e-001 1.20e-001h  1
 263 4.1643778e+002 2.82e-002 3.40e-001  -6.3 7.72e+000    -  8.76e-002 7.68e-002f  2
 264 4.1614930e+002 2.84e-002 3.42e-001  -6.3 4.49e+000    -  2.82e-001 8.73e-002h  1
 265 4.1607199e+002 3.65e-002 4.78e-001  -6.0 9.18e+000    -  4.00e-001 8.70e-002f  1
 266 4.1588873e+002 3.38e-002 3.97e-001  -6.2 2.58e+000    -  6.48e-001 1.01e-001h  1
 267 4.1566531e+002 2.64e-002 2.23e-001  -6.2 1.80e+000    -  5.31e-001 2.81e-001h  1
 268 4.1604283e+002 2.44e-002 1.84e-001  -5.9 1.98e+000    -  7.36e-001 3.76e-001h  1
 269 4.1639006e+002 9.72e-003 8.18e-002  -6.1 7.86e-001    -  1.00e+000 1.00e+000h  1
iter    objective    inf_pr   inf_du lg(mu)  ||d||  lg(rg) alpha_du alpha_pr  ls
 270 4.1558141e+002 5.37e-003 1.41e-001  -6.3 6.16e-001    -  1.00e+000 6.00e-001h  1
 271 4.1516591e+002 2.45e-003 9.62e-002  -6.3 2.19e-001    -  1.00e+000 5.45e-001h  1
 272 4.1537902e+002 3.90e-004 3.99e-002  -6.0 1.39e-001    -  9.70e-001 1.00e+000h  1
 273 4.1518107e+002 3.12e-004 1.10e+000  -6.6 2.97e-001    -  1.00e+000 3.03e-001h  1
 274 4.1504132e+002 3.21e-003 7.31e-001  -6.3 4.52e+000    -  3.79e-001 1.11e-001h  1
 275 4.1536409e+002 9.00e-003 3.36e-001  -6.0 2.25e+000    -  6.89e-001 3.43e-001h  2
 276 4.1518871e+002 1.46e-002 2.54e-001  -6.2 2.51e+000    -  9.51e-001 3.61e-001h  2
 277 4.1511000e+002 2.81e-002 1.78e-001  -6.2 7.21e+000    -  2.96e-001 1.70e-001h  1
 278 4.1490316e+002 2.82e-002 5.05e-001  -6.2 3.78e+000    -  4.39e-001 1.88e-001f  1
 279 4.1469361e+002 2.44e-002 8.48e-001  -6.3 3.08e+000    -  6.30e-001 2.51e-001h  1
iter    objective    inf_pr   inf_du lg(mu)  ||d||  lg(rg) alpha_du alpha_pr  ls
 280 4.1549257e+002 1.83e-002 3.48e-001  -6.4 2.38e+000    -  6.72e-001 5.80e-001H  1
 281 4.1503364e+002 1.14e-002 1.29e-001  -6.4 9.98e-001    -  6.38e-001 5.84e-001h  1
 282 4.1427430e+002 8.74e-003 2.09e-001  -6.9 9.61e-001    -  4.49e-001 2.33e-001h  1
 283 4.1387126e+002 6.34e-003 7.00e-001  -7.0 7.02e-001    -  6.19e-001 2.93e-001h  1
 284 4.1342263e+002 4.66e-003 2.13e-001  -7.0 7.71e-001    -  1.00e+000 5.08e-001h  1
 285 4.1400268e+002 2.77e-003 2.63e-001  -6.5 2.02e+000    -  4.54e-001 6.34e-001H  1
 286 4.1320032e+002 1.90e-003 3.64e-002  -6.8 7.60e-001    -  1.00e+000 7.66e-001h  1
 287 4.1305212e+002 2.86e-004 1.81e-002  -6.9 2.40e-001    -  1.00e+000 9.58e-001h  1
 288 4.1296130e+002 1.56e-004 1.91e-001  -7.7 1.21e-001    -  1.00e+000 4.63e-001h  1
 289 4.1284705e+002 2.97e-004 2.66e-001  -7.9 6.05e-001    -  9.56e-001 2.87e-001h  1
iter    objective    inf_pr   inf_du lg(mu)  ||d||  lg(rg) alpha_du alpha_pr  ls
 290 4.1276337e+002 5.50e-004 5.24e-001  -7.6 1.31e+000    -  9.49e-001 1.17e-001h  1
 291 4.1274428e+002 5.56e-004 5.58e-001  -8.0 6.04e-001  -5.0 3.69e-001 3.27e-002h  4
 292 4.1271013e+002 5.93e-004 4.49e-001  -7.0 3.63e-001    -  6.61e-001 3.04e-001h  1
 293 4.1267036e+002 2.20e-003 4.39e-001  -7.1 1.86e+000    -  5.08e-001 2.16e-001h  1
 294 4.1260698e+002 4.09e-003 3.17e-001  -6.8 1.60e+000    -  4.61e-001 2.69e-001h  1
 295 4.1251864e+002 6.59e-003 3.05e-001  -6.9 6.97e+000    -  1.77e-001 6.64e-002h  1
 296 4.1246290e+002 7.11e-003 3.89e-001  -7.5 3.48e+000    -  4.39e-001 1.04e-001h  1
 297 4.1241871e+002 7.26e-003 4.81e-001  -7.1 2.93e+000    -  3.07e-001 1.32e-001h  2
 298 4.1251865e+002 3.05e-004 4.50e-002  -7.1 3.39e-003  -1.9 1.00e+000 9.60e-001h  1
 299 4.1244676e+002 3.52e-004 1.75e-001  -7.5 6.38e-001    -  1.00e+000 1.94e-001h  1
iter    objective    inf_pr   inf_du lg(mu)  ||d||  lg(rg) alpha_du alpha_pr  ls
 300 4.1253313e+002 2.53e-004 7.81e-002  -7.5 1.75e-002  -2.3 5.11e-001 4.39e-001h  1
 301 4.1246466e+002 2.73e-004 2.22e-001  -8.2 7.74e-001    -  5.67e-001 1.24e-001h  1
 302 4.1234957e+002 8.33e-004 3.18e-001  -8.0 1.19e+000    -  7.15e-001 3.21e-001h  1
 303 4.1228591e+002 9.76e-004 3.98e-001  -6.9 2.47e+000    -  2.64e-001 6.99e-002h  1
 304 4.1240918e+002 2.23e-003 2.87e-001  -6.7 2.44e+000    -  1.03e-001 1.76e-001h  1
 305 4.1228194e+002 1.77e-003 1.73e-001  -7.3 5.61e-001    -  2.07e-001 2.87e-001h  1
 306 4.1227142e+002 1.46e-003 1.68e-001  -7.0 4.66e-001    -  5.79e-001 3.75e-001f  1
 307 4.1219032e+002 5.23e-004 1.92e-002  -7.1 1.85e-001    -  1.00e+000 8.75e-001h  1
 308 4.1215061e+002 5.60e-004 1.08e-002  -7.1 4.29e-001    -  1.00e+000 4.33e-001h  1
 309 4.1228955e+002 2.89e-003 2.87e-002  -6.6 1.22e+000    -  3.15e-001 4.17e-001h  1
iter    objective    inf_pr   inf_du lg(mu)  ||d||  lg(rg) alpha_du alpha_pr  ls
 310 4.1224964e+002 3.24e-003 5.54e-002  -6.9 2.25e+000    -  3.61e-001 1.23e-001h  1
 311 4.1218113e+002 3.87e-003 7.33e-002  -6.9 3.04e+000    -  4.38e-001 1.03e-001f  1
 312 4.1216614e+002 3.70e-003 7.92e-001  -6.9 3.21e-002  -2.8 9.32e-001 4.32e-002f  5
 313 4.1211457e+002 3.42e-003 1.05e-001  -6.9 1.05e+000    -  8.73e-001 1.96e-001h  1
 314 4.1217635e+002 6.08e-003 9.82e-002  -6.3 1.30e+001    -  7.59e-002 4.41e-002f  2
 315 4.1211813e+002 7.23e-003 7.37e-002  -6.9 2.30e+000    -  5.78e-001 2.67e-001h  1
 316 4.1198546e+002 1.16e-002 6.85e-002  -6.9 9.62e+000    -  1.10e-001 8.80e-002h  1
 317 4.1225388e+002 1.39e-002 7.78e-002  -5.8 1.16e+001    -  1.02e-001 7.85e-002f  1
 318 4.1220753e+002 1.47e-002 8.76e-002  -6.7 4.97e+000    -  3.51e-001 1.32e-001h  1
 319 4.1213393e+002 1.45e-002 9.35e-002  -6.7 3.80e+000    -  5.36e-001 1.58e-001f  2
iter    objective    inf_pr   inf_du lg(mu)  ||d||  lg(rg) alpha_du alpha_pr  ls
 320 4.1231627e+002 1.43e-002 9.22e-002  -6.7 2.85e+000    -  5.15e-001 2.86e-001h  1
 321 4.1223133e+002 1.37e-002 9.23e-002  -6.7 2.13e+000    -  1.09e-001 4.67e-002h  1
 322 4.1203525e+002 1.19e-002 8.17e-002  -6.7 2.00e+000    -  2.49e-001 1.84e-001f  1
 323 4.1188838e+002 7.27e-003 4.66e-002  -6.7 4.00e-001    -  7.38e-001 3.93e-001f  2
 324 4.1187384e+002 6.50e-003 6.98e-001  -6.4 2.79e-001    -  1.00e+000 1.08e-001h  1
 325 4.1231204e+002 1.53e-003 7.95e-002  -6.5 5.91e-001    -  8.83e-001 1.00e+000h  1
 326 4.1201716e+002 2.59e-004 3.88e-002  -6.6 2.91e-001    -  1.00e+000 1.00e+000h  1
 327 4.1167754e+002 1.92e-004 5.99e-002  -7.0 2.05e-001    -  6.61e-001 5.53e-001h  1
 328 4.1159611e+002 1.58e-004 2.45e-001  -7.7 6.91e-002    -  1.00e+000 2.32e-001h  1
 329 4.1153655e+002 1.35e-004 8.04e-002  -8.4 1.09e-001    -  1.00e+000 1.79e-001h  1
iter    objective    inf_pr   inf_du lg(mu)  ||d||  lg(rg) alpha_du alpha_pr  ls
 330 4.1143099e+002 1.70e-004 1.27e-001  -7.1 2.52e-001    -  8.57e-001 5.00e-001h  1
 331 4.1136118e+002 2.19e-004 8.77e-002  -7.3 4.30e-001    -  1.00e+000 3.63e-001h  1
 332 4.1131215e+002 4.55e-004 1.33e-001  -7.8 1.02e+000    -  7.32e-001 2.71e-001h  1
 333 4.1131371e+002 2.35e-004 7.23e-002  -7.3 4.85e-001    -  9.28e-001 6.60e-001H  1
 334 4.1132278e+002 2.62e-004 1.81e-002  -7.1 2.68e-001    -  5.93e-001 9.08e-001h  1
 335 4.1127805e+002 2.18e-004 7.21e-002  -7.6 1.91e-001    -  1.00e+000 1.55e-001h  1
 336 4.1120771e+002 1.68e-004 5.31e-002  -8.0 4.80e-001    -  1.00e+000 2.36e-001h  1
 337 4.1118475e+002 2.54e-004 9.06e-002  -7.1 1.23e+000    -  8.65e-001 1.66e-001h  2
 338 4.1115211e+002 6.76e-004 8.36e-002  -7.5 7.54e-001    -  1.00e+000 4.81e-001h  1
 339 4.1114826e+002 9.17e-004 3.06e-001  -7.1 1.21e+000    -  6.82e-001 2.52e-001h  1
iter    objective    inf_pr   inf_du lg(mu)  ||d||  lg(rg) alpha_du alpha_pr  ls
 340 4.1111190e+002 8.94e-004 6.66e-002  -7.6 6.98e-001    -  7.59e-001 3.57e-001h  1
 341 4.1112058e+002 6.18e-004 4.72e-002  -7.7 3.64e-001    -  9.24e-001 6.02e-001h  1
 342 4.1107600e+002 4.19e-004 2.46e-001  -7.3 1.21e-001    -  6.07e-001 3.31e-001h  1
 343 4.1106628e+002 2.78e-004 2.33e-001  -7.2 2.28e-001    -  6.04e-001 7.79e-001h  1
 344 4.1112731e+002 3.74e-004 3.03e-001  -6.9 3.93e-001    -  6.49e-001 4.62e-001h  1
 345 4.1111461e+002 4.00e-004 2.12e-001  -7.1 7.47e-001    -  6.30e-001 1.61e-001h  1
 346 4.1109517e+002 5.30e-003 1.30e-001  -7.1 2.79e+000    -  2.41e-001 3.43e-001f  1
 347 4.1107372e+002 5.77e-003 1.70e-001  -7.1 1.16e+001    -  1.31e-001 2.64e-002h  3
 348 4.1105175e+002 5.95e-003 1.45e-001  -7.1 3.69e+000    -  4.08e-001 6.91e-002h  3
 349 4.1103544e+002 5.81e-003 1.62e-001  -7.2 2.84e+000    -  6.97e-001 8.06e-002h  3
iter    objective    inf_pr   inf_du lg(mu)  ||d||  lg(rg) alpha_du alpha_pr  ls
 350 4.1157986e+002 3.75e-003 6.00e-002  -6.8 1.02e+000    -  7.07e-001 1.00e+000h  1
 351 4.1152302e+002 3.82e-003 3.78e-001  -7.0 6.24e+000    -  4.42e-001 3.41e-002h  1
 352 4.1572492e+002 3.65e-003 3.11e-001  -7.0 2.06e+000    -  2.42e-001 1.59e-001h  2
 353 4.1353975e+002 2.93e-003 4.40e-001  -7.0 9.30e-001    -  1.00e+000 2.65e-001h  1
 354 4.1103703e+002 2.39e-003 6.10e-002  -7.0 4.36e-001    -  8.73e-001 8.53e-001f  1
 355 4.1096759e+002 6.92e-004 3.06e-002  -7.0 1.37e-001    -  1.00e+000 7.42e-001f  1
 356 4.1090122e+002 1.41e-004 2.89e-002  -7.3 1.60e-001    -  1.00e+000 8.67e-001h  1
 357 4.1082457e+002 9.89e-005 4.98e-002  -7.7 2.09e-001    -  1.00e+000 6.49e-001h  1
 358 4.1076677e+002 1.43e-004 1.25e-001  -8.1 5.60e-001    -  1.00e+000 3.15e-001h  1
 359 4.1076507e+002 1.81e-004 5.14e-002  -7.8 5.14e-001    -  5.53e-001 4.38e-001H  1
iter    objective    inf_pr   inf_du lg(mu)  ||d||  lg(rg) alpha_du alpha_pr  ls
 360 4.1071484e+002 1.04e-004 7.97e-003  -7.9 1.64e-001    -  1.00e+000 6.59e-001h  1
 361 4.1069989e+002 2.02e-004 8.34e-003  -7.7 4.51e-001    -  4.31e-001 3.85e-001h  1
 362 4.1068098e+002 2.23e-004 7.27e-003  -8.0 5.08e-001    -  2.58e-001 2.58e-001h  1
 363 4.1068348e+002 1.35e-003 1.23e-002  -7.1 2.98e+000    -  1.64e-001 1.62e-001h  1
 364 4.1067271e+002 1.53e-003 1.36e-002  -7.7 2.86e+000    -  3.60e-001 9.18e-002h  2
 365 4.1066579e+002 2.91e-003 2.86e-002  -7.4 2.47e+000    -  5.90e-001 2.65e-001h  1
 366 4.1072258e+002 9.72e-003 3.43e-002  -6.8 7.00e+000    -  1.48e-001 1.90e-001h  1
 367 4.1068823e+002 1.14e-002 4.28e-002  -7.4 1.36e+001    -  9.05e-002 5.31e-002h  2
 368 4.1066555e+002 1.23e-002 4.93e-002  -7.4 1.51e+001    -  2.56e-001 3.82e-002h  2
 369 4.1102706e+002 7.06e-003 7.47e-002  -7.6 4.29e-002  -3.3 6.90e-001 4.24e-001h  1
iter    objective    inf_pr   inf_du lg(mu)  ||d||  lg(rg) alpha_du alpha_pr  ls
 370 4.1072105e+002 4.09e-003 4.33e-002  -7.6 3.42e-001    -  5.57e-001 4.39e-001h  1
 371 4.1056820e+002 5.64e-004 2.16e-002  -7.6 2.92e-001    -  9.57e-002 1.00e+000f  1
 372 4.1056878e+002 3.04e-004 1.48e-002  -7.7 3.26e-001    -  1.00e+000 7.41e-001h  1
 373 4.1053138e+002 9.96e-005 6.24e-003  -7.9 1.14e-001    -  1.00e+000 7.16e-001h  1
 374 4.1052444e+002 1.33e-004 3.44e-002  -7.9 2.39e-001    -  5.51e-001 3.01e-001h  2
 375 4.1048873e+002 9.01e-005 6.90e-003  -8.2 1.25e-001    -  1.00e+000 9.32e-001h  1
 376 4.1047979e+002 1.02e-004 4.70e-002 -11.0 7.62e-001    -  3.45e-001 8.16e-002h  1
 377 4.1047149e+002 1.41e-004 3.79e-002  -8.1 4.47e-001    -  6.30e-001 2.53e-001h  1
 378 4.1046348e+002 1.81e-004 3.63e-002  -7.6 3.72e+000    -  1.10e-001 2.45e-002h  1
 379 4.1044441e+002 4.89e-004 3.63e-002  -7.0 2.72e+001    -  2.20e-002 9.01e-003h  1
iter    objective    inf_pr   inf_du lg(mu)  ||d||  lg(rg) alpha_du alpha_pr  ls
 380 4.1060897e+002 4.43e-004 3.40e-002  -7.4 1.16e-001  -3.8 1.46e-001 1.12e-001h  3
 381 4.1060085e+002 4.36e-004 3.32e-002  -8.0 8.41e-001    -  7.34e-002 2.08e-002h  1
 382 4.1059525e+002 1.52e-003 4.06e-002  -8.0 3.92e+000    -  1.59e-001 1.64e-001f  1
 383 4.1056420e+002 1.56e-003 3.69e-002  -8.0 1.12e+001    -  4.68e-002 1.59e-002h  1
 384 4.1047839e+002 1.90e-003 3.62e-002  -8.0 3.45e+001    -  2.00e-002 2.06e-002f  1
 385 4.1040605e+002 1.86e-003 3.28e-002  -8.0 8.38e+000    -  6.57e-002 4.37e-002f  1
 386 4.1040225e+002 1.55e-003 2.98e-002  -7.9 1.13e+000    -  1.51e-001 1.83e-001f  1
 387 4.1035483e+002 1.16e-003 2.18e-002  -7.5 6.15e-001    -  4.43e-001 2.58e-001h  1
 388 4.1033754e+002 1.25e-003 1.80e-002  -6.9 6.88e+000    -  9.14e-002 4.67e-002h  1
 389 4.1060230e+002 4.36e-003 3.63e-002  -6.3 1.53e+001    -  4.31e-002 9.93e-002h  1
iter    objective    inf_pr   inf_du lg(mu)  ||d||  lg(rg) alpha_du alpha_pr  ls
 390 4.1058621e+002 4.37e-003 3.48e-002  -7.4 2.18e+001    -  9.78e-002 8.21e-003h  1
 391 4.1053607e+002 5.91e-003 3.19e-002  -7.4 7.70e+001    -  3.41e-002 1.28e-002f  1
 392 4.1050850e+002 5.55e-003 4.49e-002  -7.4 1.96e+001    -  5.09e-002 5.40e-002h  2
 393 4.1044084e+002 5.25e-003 3.75e-002  -7.4 4.36e+000    -  1.76e-001 5.59e-002h  1
 394 4.1047688e+002 3.94e-003 4.12e-002  -7.4 2.59e+000    -  1.18e-001 2.59e-001h  1
 395 4.1026241e+002 1.99e-003 9.91e-002  -7.4 4.04e-001    -  1.00e+000 4.95e-001f  1
 396 4.1019571e+002 1.48e-003 8.82e-002 -11.0 2.18e-001    -  2.98e-001 2.55e-001h  1
 397 4.1015480e+002 1.03e-003 8.43e-002  -9.6 7.53e-002    -  6.82e-001 3.05e-001h  1
 398 4.1011453e+002 6.23e-005 1.07e-002  -7.7 5.87e-002    -  1.00e+000 1.00e+000h  1
 399 4.1009293e+002 2.57e-005 1.65e-002  -8.2 4.35e-002    -  1.00e+000 7.84e-001h  1
iter    objective    inf_pr   inf_du lg(mu)  ||d||  lg(rg) alpha_du alpha_pr  ls
 400 4.1008332e+002 1.62e-005 2.64e-002  -8.9 2.45e-002    -  1.00e+000 4.49e-001h  1
 401 4.1008038e+002 1.72e-005 2.83e-002  -8.0 1.06e-001    -  5.96e-001 2.59e-001h  1
 402 4.1007558e+002 6.56e-005 1.51e-002  -7.9 3.35e-001    -  6.61e-001 2.73e-001h  1
 403 4.1006534e+002 1.34e-004 1.49e-002  -8.8 6.38e-001    -  3.30e-001 1.80e-001h  1
 404 4.1005807e+002 3.64e-004 2.57e-002  -8.6 2.06e+000    -  4.30e-001 1.00e-001h  1
 405 4.1005377e+002 3.69e-004 3.01e-002 -11.0 1.08e+000    -  1.58e-001 6.49e-002h  1
 406 4.1004547e+002 4.82e-004 3.08e-002  -9.0 1.08e+000    -  4.15e-001 1.52e-001h  1
 407 4.1003781e+002 8.01e-004 2.77e-002  -8.1 4.12e+000    -  2.25e-001 5.74e-002h  1
 408 4.1002865e+002 1.40e-003 3.02e-002  -8.1 5.38e+000    -  1.82e-001 6.08e-002h  1
 409 4.1002824e+002 1.37e-003 8.69e-002  -7.8 1.44e+000    -  2.19e-001 5.17e-002h  1
iter    objective    inf_pr   inf_du lg(mu)  ||d||  lg(rg) alpha_du alpha_pr  ls
 410 4.1002558e+002 1.21e-003 3.43e-001  -8.5 3.06e-001    -  4.49e-001 1.29e-001h  1
 411 4.1001865e+002 1.17e-003 3.84e-001  -9.6 7.97e-001    -  2.54e-001 2.04e-001h  1
 412 4.1001446e+002 1.26e-003 3.36e-001 -11.0 5.06e+000    -  8.01e-002 2.19e-002h  1
 413 4.1001032e+002 2.26e-003 2.64e-001  -8.1 5.89e+000    -  9.07e-002 6.48e-002h  1
 414 4.1000705e+002 2.25e-003 1.28e-001  -8.0 3.61e+000    -  3.19e-001 4.84e-002h  1
 415 4.1000979e+002 1.85e-003 1.66e-001 -11.0 1.35e+000    -  1.58e-001 2.51e-001h  1
 416 4.1000036e+002 2.18e-003 1.11e-001  -9.0 3.92e+000    -  2.01e-001 7.60e-002h  1
 417 4.0999541e+002 2.19e-003 9.58e-002  -8.4 5.15e+000    -  1.34e-001 2.63e-002h  1
 418 4.1010487e+002 1.12e-003 1.60e-001  -7.6 9.51e-001    -  7.78e-002 7.06e-001h  1
 419 4.1007030e+002 4.70e-004 1.97e-001  -8.3 5.21e-001    -  3.23e-001 5.79e-001h  1
iter    objective    inf_pr   inf_du lg(mu)  ||d||  lg(rg) alpha_du alpha_pr  ls
 420 4.0998860e+002 2.44e-004 1.11e-001  -8.3 3.48e-001    -  4.37e-001 5.35e-001f  1
 421 4.0998123e+002 2.05e-004 2.72e-001  -8.3 3.11e-001    -  8.42e-001 1.74e-001f  1
 422 4.0996720e+002 2.42e-004 1.10e-001  -8.7 3.35e-001    -  6.58e-001 5.93e-001h  1
 423 4.0996582e+002 2.83e-004 3.36e-002  -8.3 1.14e+000    -  7.66e-001 1.96e-001h  1
 424 4.0996562e+002 2.81e-004 3.68e-002  -8.0 5.77e-001    -  4.34e-001 6.51e-003h  1
 425 4.0997586e+002 2.04e-004 5.37e-002  -7.8 6.01e-001    -  3.25e-001 4.56e-001h  1
 426 4.0996501e+002 1.76e-004 5.79e-002  -8.1 6.18e-001    -  1.56e-001 2.81e-001h  1
 427 4.0995815e+002 1.32e-004 7.43e-002 -11.0 6.00e-001    -  1.14e-001 3.70e-001h  1
 428 4.0994741e+002 5.68e-005 2.92e-002  -8.5 1.80e-001    -  6.05e-001 6.14e-001h  1
 429 4.0994170e+002 1.23e-005 8.17e-003  -8.3 1.13e-001    -  7.46e-001 9.10e-001h  1
iter    objective    inf_pr   inf_du lg(mu)  ||d||  lg(rg) alpha_du alpha_pr  ls
 430 4.0993533e+002 3.97e-006 5.45e-003  -8.6 7.67e-002    -  1.00e+000 7.95e-001h  1
 431 4.0993020e+002 1.24e-005 2.19e-002  -8.8 2.04e-001    -  1.00e+000 5.86e-001h  1
 432 4.0992728e+002 6.31e-005 2.98e-002  -8.6 1.13e+000    -  1.00e+000 2.63e-001h  1
 433 4.0992067e+002 2.56e-004 2.24e-002  -8.3 6.28e+000    -  1.45e-001 9.69e-002h  1
 434 4.0991837e+002 2.65e-004 3.59e-002  -7.1 2.17e+001    -  3.64e-002 7.42e-003h  1
 435 4.0991839e+002 2.73e-004 2.78e-002  -8.4 7.72e-002  -4.3 1.98e-001 2.46e-001h  1
 436 4.0991744e+002 2.73e-004 2.83e-002 -11.0 7.86e+000    -  8.40e-003 4.01e-003h  1
 437 4.0991371e+002 3.26e-004 2.82e-002  -7.7 2.86e+001    -  6.74e-003 1.58e-002h  2
 438 4.0990525e+002 3.46e-004 1.26e-001  -7.9 1.20e+001    -  2.59e-001 4.16e-002h  1
 439 4.0988921e+002 1.16e-003 1.25e-001  -6.7 1.13e+002    -  1.34e-002 1.29e-002h  1
iter    objective    inf_pr   inf_du lg(mu)  ||d||  lg(rg) alpha_du alpha_pr  ls
 440 4.0988749e+002 1.16e-003 1.22e-001  -9.9 7.91e+001    -  1.21e-002 5.84e-004h  1
 441 4.0994982e+002 5.59e-003 1.24e-001  -7.0 3.07e+001    -  4.86e-002 1.07e-001h  1
 442 4.0994805e+002 5.58e-003 1.30e-001  -7.9 4.90e+001    -  2.53e-002 1.34e-003h  1
 443 4.0993652e+002 5.59e-003 1.28e-001  -7.9 3.74e+001    -  1.18e-002 1.40e-002f  1
 444 4.0992842e+002 5.48e-003 1.23e-001  -7.9 1.10e+001    -  3.07e-002 2.22e-002f  1
 445 4.0992383e+002 5.34e-003 1.22e-001  -7.9 3.20e-001    -  8.23e-003 2.46e-002f  1
 446 4.0991234e+002 5.06e-003 1.24e-001  -7.9 5.59e-001    -  4.10e-004 5.32e-002f  1
 447 4.0984857e+002 2.75e-003 8.21e+004  -7.9 6.21e-001    -  6.43e-010 4.66e-001f  1
 448 4.0984407e+002 2.62e-003 7.81e+004 -11.0 5.64e-001    -  5.18e-001 4.86e-002h  1
 449 4.0982449e+002 1.70e-003 4.97e+004  -8.7 6.35e-001    -  4.71e-001 3.64e-001h  1
iter    objective    inf_pr   inf_du lg(mu)  ||d||  lg(rg) alpha_du alpha_pr  ls
 450 4.0981396e+002 1.40e-003 3.96e+004  -8.3 1.27e+000    -  3.68e-001 2.03e-001h  1
 451 4.0980868e+002 8.60e-004 2.36e+004  -8.7 4.39e-001    -  4.59e-001 4.03e-001h  1
 452 4.0980193e+002 2.19e-004 5.46e+003  -8.5 1.89e-001    -  1.00e+000 7.69e-001h  1
 453 4.0980647e+002 7.48e-006 5.53e-002  -8.1 8.60e-002    -  6.65e-001 1.00e+000h  1
 454 4.0979488e+002 8.98e-006 5.66e-002  -9.1 1.30e-001    -  1.00e+000 4.85e-001h  1
 455 4.0979538e+002 2.31e-005 4.87e-002  -8.0 4.08e-001    -  4.60e-001 3.39e-001h  1
 456 4.0978992e+002 5.02e-005 5.69e-002  -8.4 4.58e-001    -  5.08e-001 3.91e-001h  1
 457 4.0978711e+002 1.98e-004 6.19e-002  -8.4 1.77e+000    -  4.04e-001 2.05e-001f  1
 458 4.0978812e+002 2.24e-004 7.08e-002  -8.0 1.40e+000    -  2.72e-001 1.43e-001h  2
 459 4.0979251e+002 2.04e-004 1.00e-002  -8.3 2.99e-001    -  9.87e-001 7.88e-001h  1
iter    objective    inf_pr   inf_du lg(mu)  ||d||  lg(rg) alpha_du alpha_pr  ls
 460 4.0978404e+002 1.33e-004 1.02e-001  -8.3 7.96e-002    -  1.83e-001 3.97e-001f  1
 461 4.0977384e+002 9.26e-005 6.90e-002 -10.0 1.91e-001    -  4.07e-001 3.25e-001h  1
 462 4.0977108e+002 8.24e-005 8.46e-002  -8.9 3.77e-001    -  9.19e-001 1.45e-001h  1
 463 4.0977021e+002 8.08e-005 1.43e-001 -10.4 6.86e-001    -  2.29e-001 2.53e-002h  1
 464 4.0976974e+002 1.92e-004 1.20e-001  -8.4 1.46e+000    -  2.22e-001 1.32e-001h  1
 465 4.0976702e+002 1.96e-004 5.26e-002  -9.7 6.71e-001    -  2.57e-001 8.81e-002h  1
 466 4.0976615e+002 1.93e-004 5.89e-002 -11.0 5.51e-001    -  1.80e-001 1.96e-002h  1
 467 4.0976277e+002 1.97e-004 6.45e-002  -8.1 8.74e-001    -  8.22e-002 7.28e-002h  1
 468 4.0975771e+002 3.87e-004 5.13e-002  -8.5 2.50e+000    -  9.11e-002 7.70e-002h  1
 469 4.0975642e+002 4.54e-004 1.95e-002  -8.2 3.20e+000    -  1.30e-001 4.07e-002h  1
iter    objective    inf_pr   inf_du lg(mu)  ||d||  lg(rg) alpha_du alpha_pr  ls
 470 4.0975453e+002 4.67e-004 2.71e-002  -7.9 3.15e+000    -  8.57e-002 2.21e-002h  1
 471 4.0975228e+002 5.05e-004 3.15e-002  -7.6 9.35e+000    -  5.05e-002 1.06e-002h  1
 472 4.0975146e+002 5.38e-004 2.87e-002  -7.0 1.40e+001    -  1.94e-002 7.36e-003h  1
 473 4.0975291e+002 1.05e-003 3.26e-002  -7.3 9.02e+000    -  5.80e-002 4.31e-002h  1
 474 4.0975033e+002 1.05e-003 5.00e-002  -8.2 9.62e+000    -  6.09e-002 8.35e-003h  1
 475 4.0974749e+002 1.84e-003 5.66e-002  -7.8 7.94e+000    -  1.21e-001 7.81e-002f  1
 476 4.0974481e+002 1.84e-003 7.43e-002 -11.0 1.94e+001    -  2.59e-002 2.93e-003h  1
 477 4.0974522e+002 3.07e-003 9.69e-002  -7.1 1.88e+001    -  6.60e-002 4.05e-002h  1
 478 4.0974089e+002 3.21e-003 1.14e-001  -8.0 2.38e+001    -  2.43e-002 1.20e-002h  3
 479 4.0973625e+002 3.54e-003 1.85e-001  -8.2 8.32e+000    -  1.67e-001 5.68e-002h  2
iter    objective    inf_pr   inf_du lg(mu)  ||d||  lg(rg) alpha_du alpha_pr  ls
 480 4.0973931e+002 4.94e-003 2.72e-001  -7.3 1.91e+001    -  1.55e-001 4.40e-002h  1
 481 4.0973375e+002 4.94e-003 2.71e-001  -7.9 1.55e+001    -  6.84e-003 1.04e-002h  1
 482 4.0972989e+002 4.69e-003 2.98e-001  -8.0 2.85e+000    -  2.57e-001 6.17e-002f  2
 483 4.0972634e+002 4.60e-003 2.78e-001 -11.0 1.33e+000    -  2.05e-001 2.09e-002h  1
 484 4.0972319e+002 2.91e-003 1.82e-001  -8.0 6.14e-001    -  3.44e-001 3.66e-001h  1
 485 4.0970650e+002 2.17e-003 1.04e-001  -8.3 7.66e-001    -  5.81e-001 2.65e-001h  1
 486 4.0990315e+002 2.06e-003 1.57e-001  -7.0 2.65e+000    -  5.90e-002 3.30e-001h  1
 487 4.0977758e+002 1.17e-003 3.67e-002  -8.0 6.02e-001    -  9.33e-001 4.62e-001h  1
 488 4.0975416e+002 1.85e-003 1.07e-001  -8.0 2.48e+000    -  6.33e-001 2.82e-001f  1
 489 4.0973616e+002 1.79e-003 1.05e-001  -8.0 2.37e+000    -  1.29e-001 1.04e-001f  1
iter    objective    inf_pr   inf_du lg(mu)  ||d||  lg(rg) alpha_du alpha_pr  ls
 490 4.0972424e+002 1.64e-003 3.41e-002  -8.0 8.34e-001    -  5.85e-001 8.46e-002f  3
 491 4.0969615e+002 1.78e-004 5.45e-002  -7.7 2.59e-001    -  8.67e-001 1.00e+000h  1
 492 4.0990116e+002 8.57e-007 3.71e-002  -7.9 3.30e-001    -  1.00e+000 1.00e+000H  1
 493 4.0967430e+002 2.06e-004 1.95e-002  -8.2 2.93e-001    -  1.00e+000 8.09e-001h  1
 494 4.0967186e+002 3.55e-005 2.42e-002  -8.0 9.61e-002    -  1.00e+000 8.93e-001h  1
 495 4.0966424e+002 3.03e-005 5.45e-002  -8.4 1.61e-001    -  1.00e+000 6.74e-001h  1
 496 4.0965672e+002 2.30e-005 3.28e-002 -10.2 2.07e-002    -  8.90e-001 2.47e-001h  1
 497 4.0964906e+002 1.29e-005 1.79e-001  -8.7 2.82e-002    -  1.00e+000 4.73e-001h  1
 498 4.0964239e+002 9.47e-006 1.39e-001  -9.1 4.84e-002    -  1.00e+000 6.74e-001h  1
 499 4.0964102e+002 9.48e-006 1.36e-001  -9.7 8.56e-002    -  1.00e+000 1.86e-001h  1
iter    objective    inf_pr   inf_du lg(mu)  ||d||  lg(rg) alpha_du alpha_pr  ls
 500 4.0963881e+002 2.46e-005 1.17e-001  -8.9 2.81e-001    -  5.32e-001 1.56e-001h  1
 501 4.0963647e+002 1.55e-004 1.13e-001  -8.3 2.18e+000    -  1.20e-001 5.44e-002h  1
 502 4.0963632e+002 1.55e-004 1.13e-001 -11.0 1.98e+000    -  1.37e-002 1.54e-003h  1
 503 4.0963383e+002 2.20e-004 1.06e-001  -9.0 3.00e+000    -  6.40e-003 2.91e-002h  1
 504 4.0962818e+002 4.50e-004 9.86e-002  -8.3 3.80e+000    -  1.16e-001 4.55e-002f  1
 505 4.0962407e+002 1.31e-003 9.73e-002  -7.3 2.75e+001    -  1.54e-002 1.19e-002h  1
 506 4.0961927e+002 1.79e-003 9.46e-002  -7.4 2.04e+001    -  5.43e-002 1.44e-002h  1
 507 4.0961898e+002 1.79e-003 9.02e-002 -11.0 5.61e+000    -  2.95e-002 1.50e-003h  1
 508 4.0962055e+002 2.63e-003 9.07e-002  -7.5 7.45e+000    -  3.65e-002 6.85e-002h  1
 509 4.0961519e+002 2.79e-003 8.21e-002  -8.4 1.63e+001    -  6.61e-002 1.83e-002h  1
iter    objective    inf_pr   inf_du lg(mu)  ||d||  lg(rg) alpha_du alpha_pr  ls
 510 4.0961574e+002 3.53e-003 7.71e-002  -7.9 1.44e+001    -  1.86e-001 4.16e-002f  2
 511 4.0961246e+002 3.81e-003 8.40e-002  -8.3 2.79e+001    -  5.27e-002 1.27e-002h  2
 512 4.0961116e+002 3.77e-003 1.14e-001  -8.9 7.03e+000    -  2.05e-001 2.88e-002h  1
 513 4.0967892e+002 3.91e-003 7.51e-002  -7.3 2.69e+000    -  7.39e-002 3.51e-001h  1
 514 4.0967389e+002 3.86e-003 7.74e-002  -8.1 4.28e+000    -  1.39e-001 1.49e-002h  1
 515 4.0964987e+002 3.12e-003 6.14e-002  -8.1 4.32e-001    -  9.57e-002 2.07e-001f  1
 516 4.0962377e+002 2.94e-003 1.34e-001  -8.1 1.24e+000    -  9.71e-003 2.74e-001f  1
 517 4.0961682e+002 2.84e-003 4.82e-002  -8.1 2.35e+000    -  2.80e-001 4.68e-002f  1
 518 4.0961527e+002 2.50e-003 4.89e-002  -8.1 6.69e-001    -  2.11e-001 1.29e-001f  3
 519 4.0959786e+002 2.38e-005 3.34e-002  -8.1 7.12e-002    -  7.11e-001 1.00e+000h  1
iter    objective    inf_pr   inf_du lg(mu)  ||d||  lg(rg) alpha_du alpha_pr  ls
 520 4.0959054e+002 2.60e-005 5.32e-002  -8.4 7.59e-002    -  1.00e+000 5.26e-001h  1
 521 4.0958576e+002 2.70e-005 7.01e-002  -8.6 8.58e-002    -  1.00e+000 4.41e-001h  1
 522 4.0958376e+002 3.48e-005 8.17e-002  -8.4 1.48e-001    -  8.02e-001 4.12e-001h  1
 523 4.0958220e+002 4.53e-005 8.29e-002  -8.4 1.63e-001    -  6.89e-001 4.75e-001h  1
 524 4.0960493e+002 1.41e-004 2.23e-001  -7.8 1.97e-001    -  3.93e-001 1.00e+000h  1
 525 4.0959995e+002 1.71e-004 2.75e-001  -8.2 7.09e-001    -  4.94e-001 1.81e-001h  2
 526 4.0959454e+002 2.58e-004 2.26e-001  -8.2 1.22e+000    -  6.49e-001 1.39e-001h  1
 527 4.0959030e+002 2.41e-004 1.85e-001  -8.2 5.53e-001    -  1.81e-001 1.82e-001f  1
 528 4.0958417e+002 1.93e-004 1.33e-001  -8.2 2.28e-001    -  1.06e-001 2.96e-001f  2
 529 4.0958107e+002 1.63e-004 7.20e-002  -8.2 2.11e-001    -  1.00e+000 4.56e-001h  1
iter    objective    inf_pr   inf_du lg(mu)  ||d||  lg(rg) alpha_du alpha_pr  ls
 530 4.0957647e+002 1.43e-004 5.49e-002  -8.2 2.48e-001    -  9.22e-001 3.58e-001f  2
 531 4.0957555e+002 2.72e-004 3.96e-002  -7.8 8.06e-001    -  3.91e-001 2.33e-001h  1
 532 4.0958018e+002 4.03e-004 5.83e-002  -7.7 1.37e+000    -  5.18e-001 1.35e-001h  2
 533 4.0957857e+002 3.97e-004 5.89e-002  -7.9 7.59e-001    -  4.11e-001 1.35e-001h  2
 534 4.0957631e+002 4.29e-004 5.37e-002  -7.9 1.48e+000    -  2.06e-001 7.77e-002h  1
 535 4.0957533e+002 4.68e-004 3.85e-002  -7.9 1.11e+000    -  4.36e-001 1.33e-001f  3
 536 4.0956848e+002 1.08e-003 3.66e-002 -11.0 2.49e+000    -  6.51e-002 1.52e-001h  1
 537 4.0956930e+002 1.14e-003 2.41e-002  -7.7 4.12e+000    -  3.17e-001 4.05e-002h  2
 538 4.0965985e+002 5.12e-004 2.67e-002  -7.9 8.61e-001    -  7.27e-001 7.65e-001H  1
 539 4.0960024e+002 7.46e-004 1.15e-001  -7.9 7.64e-001    -  1.00e+000 5.03e-001f  1
iter    objective    inf_pr   inf_du lg(mu)  ||d||  lg(rg) alpha_du alpha_pr  ls
 540 4.0957476e+002 9.16e-004 7.35e-002  -7.9 2.00e+000    -  1.30e-001 1.18e-001f  2
 541 4.0961006e+002 9.00e-004 4.81e-002  -7.6 7.77e-001    -  4.77e-001 4.30e-001H  1
 542 4.0966182e+002 7.16e-005 3.43e-002  -7.8 1.99e-001    -  4.47e-001 1.00e+000h  1
 543 4.0958096e+002 8.34e-005 1.31e-002  -7.8 1.65e-001    -  6.50e-001 6.14e-001h  1
 544 4.0957107e+002 4.27e-005 6.30e-003  -7.8 7.03e-002    -  7.64e-001 5.97e-001f  1
 545 4.0955474e+002 1.64e-005 4.19e-002  -8.6 2.16e-002    -  1.00e+000 6.13e-001h  1
 546 4.0954657e+002 7.82e-006 2.93e-002  -9.0 1.85e-002    -  1.00e+000 5.32e-001h  1
 547 4.0954290e+002 6.03e-006 4.45e-002  -8.6 7.46e-002    -  1.00e+000 3.86e-001h  1
 548 4.0954018e+002 2.14e-005 1.80e-002  -8.6 2.77e-001    -  7.13e-001 2.56e-001h  1
 549 4.0953830e+002 6.31e-005 1.19e-002  -8.6 1.18e+000    -  5.19e-001 9.02e-002h  1
iter    objective    inf_pr   inf_du lg(mu)  ||d||  lg(rg) alpha_du alpha_pr  ls
 550 4.0953525e+002 2.90e-004 1.56e-002  -9.0 1.27e+000    -  2.88e-001 2.14e-001h  1
 551 4.0953280e+002 5.87e-004 2.11e-002  -8.3 2.73e+000    -  2.50e-001 1.18e-001h  1
 552 4.0953014e+002 7.97e-004 3.08e-002  -8.6 4.18e+000    -  2.62e-001 6.58e-002h  2
 553 4.0953063e+002 1.13e-003 3.17e-002  -7.8 6.91e+000    -  7.56e-002 4.71e-002h  1
 554 4.0952913e+002 1.13e-003 3.20e-002  -8.6 3.03e+000    -  6.55e-002 3.07e-002h  1
 555 4.0952796e+002 1.02e-003 1.71e-002  -8.5 6.01e-001    -  2.18e-001 9.85e-002f  2
 556 4.0953389e+002 2.52e-004 8.59e-003  -8.5 2.07e-001    -  7.18e-001 7.63e-001h  1
 557 4.0952769e+002 1.95e-004 6.08e-003  -8.9 2.91e-001    -  5.68e-001 2.67e-001h  1
 558 4.0952091e+002 8.54e-005 1.28e-002  -9.0 7.62e-002    -  8.91e-001 5.89e-001h  1
 559 4.0951943e+002 6.50e-005 2.71e-002 -11.0 2.25e-002    -  6.49e-001 2.40e-001h  1
iter    objective    inf_pr   inf_du lg(mu)  ||d||  lg(rg) alpha_du alpha_pr  ls
 560 4.0951701e+002 6.81e-007 8.47e-004  -9.4 2.79e-002    -  1.00e+000 9.98e-001h  1
 561 4.0951671e+002 6.41e-007 1.69e-002 -11.0 7.09e-002    -  3.82e-001 1.42e-001h  1
 562 4.0951616e+002 1.38e-006 3.00e-002  -9.9 3.66e-001    -  5.26e-001 1.06e-001h  1
 563 4.0951498e+002 1.34e-005 3.11e-002  -9.8 3.31e+000    -  1.32e-001 3.92e-002h  1
 564 4.0951451e+002 1.48e-005 2.80e-002  -8.9 3.58e+000    -  8.65e-002 1.34e-002h  1
 565 4.0951394e+002 2.63e-005 2.71e-002  -9.7 2.06e+000    -  1.75e-001 7.18e-002h  2
 566 4.0951301e+002 3.36e-005 2.59e-002 -11.0 2.07e+000    -  8.60e-002 6.27e-002h  1
 567 4.0951121e+002 5.99e-005 8.56e-002  -9.6 1.25e+001    -  7.18e-002 1.70e-002h  1
 568 4.0951111e+002 5.95e-005 7.38e-002 -11.0 1.28e-001  -4.7 3.06e-001 6.63e-003h  1
 569 4.0951008e+002 6.04e-005 1.39e-001  -9.2 9.93e-001    -  2.04e-001 1.06e-001h  1
iter    objective    inf_pr   inf_du lg(mu)  ||d||  lg(rg) alpha_du alpha_pr  ls
 570 4.0951068e+002 1.30e-004 1.34e-001  -7.9 9.54e+000    -  3.03e-002 3.40e-002h  1
In iteration 570, 1 Slack too small, adjusting variable bound
 571 4.0951021e+002 1.29e-004 1.34e-001  -9.3 3.00e+000    -  5.01e-002 7.62e-003h  1
 572 4.0950781e+002 1.72e-004 1.06e-001  -9.3 1.40e+000    -  1.82e-001 1.92e-001h  1
 573 4.0950479e+002 2.46e-004 1.01e-001  -8.1 1.60e+001    -  4.42e-002 1.41e-002f  1
 574 4.0950310e+002 2.95e-004 9.40e-002 -11.0 1.49e+001    -  3.11e-002 1.19e-002h  1
 575 4.0950174e+002 2.88e-004 8.21e-002  -8.7 5.88e-001  -5.2 1.58e-001 5.45e-002h  1
 576 4.0950039e+002 2.85e-004 8.63e-002 -11.0 1.06e+000    -  1.91e-002 4.20e-002h  1
 577 4.0950056e+002 3.54e-004 7.93e-002  -8.0 1.81e+000    -  7.23e-002 8.35e-002h  1
 578 4.0949743e+002 3.91e-004 7.77e-002  -8.8 8.66e+000    -  1.35e-002 2.48e-002h  1
 579 4.0949439e+002 5.77e-004 7.21e-002 -11.0 9.16e+000    -  4.95e-002 4.45e-002h  1
iter    objective    inf_pr   inf_du lg(mu)  ||d||  lg(rg) alpha_du alpha_pr  ls
 580 4.0949128e+002 5.99e-004 6.90e-002 -11.0 1.74e+001    -  1.28e-002 6.88e-003h  1
 581 4.0948905e+002 8.11e-004 6.28e-002  -8.8 1.28e+001    -  5.03e-002 2.48e-002h  1
 582 4.0948893e+002 1.04e-003 6.01e-002  -8.0 1.87e+001    -  2.18e-002 1.99e-002h  1
 583 4.0948846e+002 1.04e-003 5.71e-002  -8.8 9.98e+000    -  2.77e-002 1.05e-003h  1
 584 4.0948572e+002 1.04e-003 5.53e-002  -7.7 1.36e+001    -  2.28e-002 1.43e-002f  2
 585 4.0948301e+002 1.08e-003 5.06e-002  -7.8 4.79e+000    -  4.71e-002 3.84e-002h  1
 586 4.0948144e+002 1.06e-003 4.93e-002  -8.2 2.37e+000    -  3.32e-002 2.95e-002h  1
 587 4.0947591e+002 9.61e-004 1.01e-001  -8.8 4.20e-001    -  2.84e-001 9.52e-002h  1
 588 4.0946859e+002 9.28e-004 9.61e-002  -8.8 1.40e+000    -  5.46e-002 5.01e-002h  1
 589 4.0948241e+002 1.01e-003 8.26e-002  -8.3 1.10e+000    -  9.84e-002 1.72e-001h  1
iter    objective    inf_pr   inf_du lg(mu)  ||d||  lg(rg) alpha_du alpha_pr  ls
 590 4.0945936e+002 2.56e-005 4.53e-002  -8.6 6.30e-002    -  3.76e-001 1.00e+000h  1
 591 4.0945702e+002 1.66e-005 5.51e-003  -8.6 4.06e-002    -  8.84e-001 1.00e+000h  1
 592 4.0945360e+002 5.77e-005 1.67e-002  -9.5 2.43e-001    -  6.32e-001 3.41e-001h  1
 593 4.0945314e+002 3.79e-004 1.40e-002 -10.0 3.47e+000    -  1.03e-001 7.57e-002h  1
 594 4.0945009e+002 6.69e-004 1.65e-002  -9.7 1.15e+001    -  1.66e-002 2.33e-002h  1
 595 4.0945086e+002 6.60e-004 1.41e-002  -8.3 1.29e+000  -5.7 1.40e-001 4.57e-002h  2
 596 4.0944757e+002 5.39e-004 1.27e-002  -8.9 2.94e-001    -  1.76e-001 1.88e-001h  1
 597 4.0944188e+002 4.89e-004 1.33e-002  -9.6 1.05e+000    -  1.63e-001 1.54e-001h  1
 598 4.0943804e+002 6.17e-004 1.28e-002  -8.3 3.04e+000    -  4.69e-002 4.45e-002h  1
 599 4.0943447e+002 5.90e-004 3.20e-002  -8.5 4.92e-001    -  2.26e-001 1.05e-001h  1
iter    objective    inf_pr   inf_du lg(mu)  ||d||  lg(rg) alpha_du alpha_pr  ls
 600 4.0943392e+002 5.77e-004 5.18e-002 -11.0 2.91e-001    -  1.45e-001 2.16e-002h  1
 601 4.0943761e+002 5.53e-004 4.61e-002  -7.2 1.39e+000    -  2.13e-002 4.59e-002h  1
 602 4.0944112e+002 5.96e-004 3.18e-002  -7.7 2.28e+000    -  4.28e-002 1.32e-001h  2
 603 4.0944090e+002 6.50e-004 3.03e-002  -8.5 1.11e+001    -  1.31e-002 2.63e-002h  1
 604 4.0943954e+002 8.99e-004 2.99e-002  -8.5 1.65e+001    -  3.40e-002 2.24e-002f  1
 605 4.0943934e+002 2.79e-003 3.30e-002  -8.5 7.07e+001    -  7.34e-003 1.08e-002h  1
 606 4.0943404e+002 2.90e-003 3.61e-002  -8.5 1.23e+002    -  1.50e-002 1.52e-003h  1
 607 4.0943050e+002 2.99e-003 3.91e-002  -8.5 5.63e+001    -  5.55e-003 2.65e-003h  4
 608 4.0942666e+002 3.23e-003 4.40e-002  -8.6 3.36e+001    -  2.22e-002 7.54e-003h  3
 609 4.0960769e+002 3.19e-003 4.33e-002  -8.5 3.65e-001  -4.5 2.42e-002 2.96e-002h  1
iter    objective    inf_pr   inf_du lg(mu)  ||d||  lg(rg) alpha_du alpha_pr  ls
 610 4.0953129e+002 2.56e-003 8.06e-002  -8.5 6.37e-001    -  1.39e-002 2.05e-001h  1
 611 4.0951989e+002 2.48e-003 7.80e-002  -8.5 2.11e+000    -  3.47e-002 3.25e-002h  3
 612 4.0948552e+002 2.11e-003 6.72e-002  -8.5 3.69e-001    -  5.78e-001 1.50e-001h  1
 613 4.0947080e+002 1.86e-003 5.87e-002  -8.5 6.86e-001    -  6.89e-002 1.29e-001f  2
 614 4.0940301e+002 1.58e-003 4.43e-002  -8.5 1.10e+000    -  2.20e-001 2.47e-001h  1
 615 4.0939462e+002 1.59e-003 4.37e-002  -7.8 9.73e+000    -  3.69e-002 1.09e-002f  3
 616 4.0939448e+002 1.27e-003 3.42e-002 -11.0 8.04e-001    -  2.81e-001 2.17e-001h  1
 617 4.0937852e+002 6.57e-004 1.77e-002  -9.0 9.58e-002    -  4.84e-001 4.82e-001h  1
 618 4.0937837e+002 5.59e-004 1.50e-002  -8.2 4.86e-001    -  1.65e-001 1.55e-001h  1
 619 4.0937508e+002 4.99e-004 1.76e-002  -9.8 3.91e-001    -  3.02e-001 1.13e-001h  1
iter    objective    inf_pr   inf_du lg(mu)  ||d||  lg(rg) alpha_du alpha_pr  ls
 620 4.0936763e+002 7.77e-004 1.83e-002  -8.1 3.91e+001    -  2.06e-002 8.61e-003h  1
 621 4.0936576e+002 8.57e-004 1.88e-002 -11.0 4.22e+001    -  8.11e-003 5.15e-003h  2
 622 4.0936541e+002 8.69e-004 2.66e-002  -8.1 8.03e+000    -  8.00e-002 2.48e-002h  2
 623 4.0936302e+002 8.69e-004 3.26e-002 -11.0 6.97e+000    -  9.37e-002 3.38e-002h  3
 624 4.0938813e+002 3.12e-003 3.40e-002  -6.7 3.41e+001    -  8.63e-003 3.97e-002h  1
 625 4.0961932e+002 2.70e-003 3.90e-002  -8.5 3.81e-001  -4.9 1.90e-001 1.57e-001h  1
 626 4.0955068e+002 2.47e-003 4.04e-002  -8.5 2.44e+000    -  1.57e-001 1.43e-001f  1
 627 4.0950665e+002 2.53e-003 4.30e-002  -8.5 3.38e+001    -  2.78e-002 7.18e-003h  1
 628 4.0946717e+002 3.34e-003 3.49e-002  -8.5 2.03e+001    -  1.75e-002 2.94e-002H  1
 629 4.0943995e+002 3.28e-003 3.08e-002  -8.5 5.29e+000    -  4.20e-002 3.91e-002f  1
iter    objective    inf_pr   inf_du lg(mu)  ||d||  lg(rg) alpha_du alpha_pr  ls
 630 4.0943074e+002 3.25e-003 2.94e-002  -8.5 6.84e+000    -  1.34e-002 1.44e-002f  1
 631 4.0942474e+002 3.24e-003 2.90e-002  -8.5 1.41e+001    -  1.38e-002 3.63e-003f  1
 632 4.0939321e+002 3.07e-003 2.42e-002  -8.5 4.97e+000    -  4.02e-002 9.14e-002f  1
 633 4.0937450e+002 2.87e-003 2.46e-002  -8.5 1.20e+000    -  3.06e-002 7.14e-002f  1
 634 4.0936391e+002 2.89e-003 2.77e-002  -8.5 9.08e+000    -  1.70e-002 3.31e-002f  1
 635 4.0935744e+002 2.85e-003 3.04e-002  -8.5 3.12e+000    -  6.18e-002 6.91e-002f  1
 636 4.0935209e+002 2.81e-003 3.23e-002 -11.0 4.98e+000    -  1.98e-002 3.66e-002h  1
 637 4.0935938e+002 2.69e-003 3.25e-002  -8.2 7.70e-001    -  1.31e-001 4.83e-002h  1
 638 4.0944508e+002 1.65e-003 2.80e-002  -8.4 1.13e+000    -  1.95e-001 4.72e-001h  1
 639 4.0934448e+002 2.40e-004 2.97e-002  -8.5 6.71e-002    -  5.79e-001 8.61e-001h  1
iter    objective    inf_pr   inf_du lg(mu)  ||d||  lg(rg) alpha_du alpha_pr  ls
 640 4.0932590e+002 1.62e-004 1.78e-002  -8.9 3.05e-001    -  3.36e-001 3.92e-001f  1
 641 4.0933092e+002 1.55e-004 1.25e-002  -8.8 5.94e-001    -  2.59e-001 2.15e-001H  1
 642 4.0938283e+002 8.93e-005 2.18e-002  -8.3 2.23e-001    -  5.87e-001 6.08e-001H  1
 643 4.0936063e+002 5.99e-005 2.14e-002  -8.6 1.86e-001    -  8.87e-001 4.90e-001h  1
 644 4.0934200e+002 6.38e-005 4.93e-002  -7.9 3.28e-001    -  1.53e-001 4.53e-001h  1
 645 4.0934042e+002 6.86e-005 4.91e-002  -7.9 3.21e-001    -  2.17e-001 2.91e-001h  1
 646 4.0937006e+002 4.85e-005 2.35e-002  -8.2 2.05e-001    -  9.07e-001 5.10e-001h  1
 647 4.0932970e+002 2.89e-005 9.19e-003  -8.2 9.30e-002    -  1.00e+000 6.83e-001h  1
 648 4.0948172e+002 2.09e-005 3.41e-002  -7.6 1.34e-001    -  2.95e-001 7.76e-001H  1
 649 4.0933770e+002 3.49e-005 5.76e-003  -8.0 8.30e-002    -  1.00e+000 9.41e-001h  1
iter    objective    inf_pr   inf_du lg(mu)  ||d||  lg(rg) alpha_du alpha_pr  ls
 650 4.0939428e+002 1.48e-005 4.38e-002  -7.5 3.24e-002    -  5.72e-001 1.00e+000f  1
 651 4.0935527e+002 1.21e-005 1.03e-001  -8.4 1.72e-002    -  1.00e+000 4.74e-001h  1
 652 4.0933943e+002 9.41e-006 2.98e-002  -8.5 1.13e-002    -  1.00e+000 3.75e-001h  1
 653 4.0931981e+002 7.37e-006 8.82e-003  -8.5 9.64e-003    -  1.00e+000 8.13e-001h  1
 654 4.0931465e+002 2.38e-006 4.40e-003  -8.8 1.14e-002    -  1.00e+000 8.08e-001h  1
 655 4.0931152e+002 1.10e-006 4.38e-003  -9.8 7.74e-003    -  1.00e+000 6.21e-001h  1
 656 4.0931050e+002 8.37e-007 3.62e-002 -10.0 2.06e-002    -  1.00e+000 3.35e-001h  1
 657 4.0931117e+002 5.77e-007 1.79e-002  -8.7 3.63e-002    -  4.27e-001 3.74e-001h  1
 658 4.0931077e+002 5.41e-007 3.25e-002  -9.5 6.01e-002    -  1.00e+000 1.43e-001h  1
 659 4.0931017e+002 7.99e-007 1.55e-002  -9.8 1.42e-001    -  6.76e-001 1.95e-001h  1
iter    objective    inf_pr   inf_du lg(mu)  ||d||  lg(rg) alpha_du alpha_pr  ls
 660 4.0930976e+002 1.15e-006 9.96e-003  -9.2 1.25e-001    -  7.74e-001 2.35e-001h  1
 661 4.0930931e+002 3.13e-006 3.24e-002  -9.4 8.33e-001    -  1.99e-001 6.41e-002h  1
 662 4.0930916e+002 4.07e-006 4.09e-002  -9.1 6.80e-001    -  4.70e-001 5.48e-002h  2
 663 4.0930896e+002 7.50e-006 3.06e-002  -8.9 2.80e-001    -  3.76e-001 2.61e-001h  1
 664 4.0930817e+002 4.85e-005 2.69e-002  -8.7 3.96e+000    -  8.86e-002 5.45e-002h  1
 665 4.0930781e+002 9.60e-005 2.74e-002  -9.6 6.77e+000    -  8.27e-002 3.44e-002h  1
 666 4.0930799e+002 1.16e-004 2.46e-002  -8.8 1.99e+000    -  3.50e-001 8.09e-002h  1
 667 4.0930806e+002 1.16e-004 3.23e-002  -9.0 1.14e+000    -  2.56e-001 7.49e-002h  3
 668 4.0933102e+002 7.53e-005 1.42e-002  -9.0 2.01e-001    -  1.00e+000 1.00e+000h  1
In iteration 668, 1 Slack too small, adjusting variable bound
 669 4.0931890e+002 5.87e-005 3.06e-002  -9.0 2.22e-001    -  6.23e-001 2.83e-001h  1
iter    objective    inf_pr   inf_du lg(mu)  ||d||  lg(rg) alpha_du alpha_pr  ls
 670 4.0931060e+002 6.15e-005 6.03e-003  -9.0 3.82e-001    -  2.10e-001 4.66e-001h  1
 671 4.0930752e+002 5.77e-005 5.67e-003  -9.0 4.06e-001    -  2.98e-001 6.90e-002f  1
 672 4.0930524e+002 2.48e-005 3.35e-002  -9.7 3.09e-002    -  8.84e-001 5.70e-001f  1
 673 4.0930481e+002 1.54e-007 4.01e-004  -9.3 1.18e-002    -  1.00e+000 1.00e+000h  1
 674 4.0930414e+002 9.60e-008 6.37e-005 -10.6 1.20e-002    -  1.00e+000 5.85e-001h  1

Number of Iterations....: 674

                                   (scaled)                 (unscaled)
Objective...............:  1.6227072706224746e+000   4.0930414230812289e+002
Dual infeasibility......:  6.3712684312082480e-005   1.6070591460714649e-002
Constraint violation....:  5.5862694100669016e-009   9.6036103514052229e-008
Complementarity.........:  4.2077058072704723e-010   1.0613321624356168e-007
Overall NLP error.......:  6.3712684312082480e-005   1.6070591460714649e-002


Number of objective function evaluations             = 965
Number of objective gradient evaluations             = 675
Number of equality constraint evaluations            = 965
Number of inequality constraint evaluations          = 965
Number of equality constraint Jacobian evaluations   = 675
Number of inequality constraint Jacobian evaluations = 675
Number of Lagrangian Hessian evaluations             = 0
Total CPU secs in IPOPT (w/o function evaluations)   =   1891.141
Total CPU secs in NLP function evaluations           =    489.865

EXIT: Optimal Solution Found.
      solver  :   t_proc      (avg)   t_wall      (avg)    n_eval
       nlp_f  |  11.73 s ( 12.16ms)  11.74 s ( 12.16ms)       965
       nlp_g  |  14.59 s ( 15.12ms)  14.60 s ( 15.13ms)       965
  nlp_grad_f  |  25.89 s ( 38.29ms)  25.88 s ( 38.28ms)       676
   nlp_jac_g  | 436.91 s (646.32ms) 436.92 s (646.33ms)       676
       total  |   2.38ks (  2.38ks)   2.38ks (  2.38ks)         1
